1,2,7,9,10_0,3,4,5,6,8:0.873683:1,2,7,9,10_0,3,4,5,6,8:0.833146:1,2,7,9,10_0,3,4,5,6,8:0.0779711:1,2,7,9,10_0,3,4,5,6,8:0.0637303
1,3,5,6,10_0,2,4,7,8,9:1:1,3,5,6,10_0,2,4,7,8,9:0.928987:1,3,5,6,10_0,2,4,7,8,9:0.087028:1,3,5,6,10_0,2,4,7,8,9:0.0695954
0,3,4,6,7_1,2,5,8,9,10:0.834956:0,3,4,6,7_1,2,5,8,9,10:0.799098:0,3,4,6,7_1,2,5,8,9,10:0.0824642:0,3,4,6,7_1,2,5,8,9,10:0.0662327
0,1,3,7,8_2,4,5,6,9,10:0.916526:0,1,3,7,8_2,4,5,6,9,10:0.865161:0,1,3,7,8_2,4,5,6,9,10:0.0780792:0,1,3,7,8_2,4,5,6,9,10:0.0641426
3,5,6,8,10_0,1,2,4,7,9:0.83377:3,5,6,8,10_0,1,2,4,7,9:0.812621:3,5,6,8,10_0,1,2,4,7,9:0.0885558:3,5,6,8,10_0,1,2,4,7,9:0.0691285
4,5,8,9,10_0,1,2,3,6,7:1:4,5,8,9,10_0,1,2,3,6,7:0.964342:4,5,8,9,10_0,1,2,3,6,7:0.0943271:4,5,8,9,10_0,1,2,3,6,7:0.0767706
3,4,8,9,10_0,1,2,5,6,7:0.867916:3,4,8,9,10_0,1,2,5,6,7:0.841437:3,4,8,9,10_0,1,2,5,6,7:0.0842088:3,4,8,9,10_0,1,2,5,6,7:0.0678202
0,2,3,8,9_1,4,5,6,7,10:0.867619:0,2,3,8,9_1,4,5,6,7,10:0.842237:0,2,3,8,9_1,4,5,6,7,10:0.0836405:0,2,3,8,9_1,4,5,6,7,10:0.0673771
0,1,2,3,6_4,5,7,8,9,10:1:0,1,2,3,6_4,5,7,8,9,10:0.981708:0,1,2,3,6_4,5,7,8,9,10:0.118535:0,1,2,3,6_4,5,7,8,9,10:0.0888698
2,6,8,9,10_0,1,3,4,5,7:0.916942:2,6,8,9,10_0,1,3,4,5,7:0.870994:2,6,8,9,10_0,1,3,4,5,7:0.0800479:2,6,8,9,10_0,1,3,4,5,7:0.0654651
2,4,6,8,9_0,1,3,5,7,10:0.719008:2,4,6,8,9_0,1,3,5,7,10:0.701719:2,4,6,8,9_0,1,3,5,7,10:0.0760121:2,4,6,8,9_0,1,3,5,7,10:0.0593117
0,3,7,9,10_1,2,4,5,6,8:0.823048:0,3,7,9,10_1,2,4,5,6,8:0.782685:0,3,7,9,10_1,2,4,5,6,8:0.0723715:0,3,7,9,10_1,2,4,5,6,8:0.0591943
0,2,4,9,10_1,3,5,6,7,8:0.748467:0,2,4,9,10_1,3,5,6,7,8:0.689869:0,2,4,9,10_1,3,5,6,7,8:0.0733699:0,2,4,9,10_1,3,5,6,7,8:0.0564964
0,1,2,8,10_3,4,5,6,7,9:0.992652:0,1,2,8,10_3,4,5,6,7,9:0.948405:0,1,2,8,10_3,4,5,6,7,9:0.116133:0,1,2,8,10_3,4,5,6,7,9:0.0871616
0,1,2,3,8_4,5,6,7,9,10:0.976224:0,1,2,3,8_4,5,6,7,9,10:0.881908:0,1,2,3,8_4,5,6,7,9,10:0.117672:0,1,2,3,8_4,5,6,7,9,10:0.0853233
2,6,7,8,10_0,1,3,4,5,9:0.928229:2,6,7,8,10_0,1,3,4,5,9:0.881334:2,6,7,8,10_0,1,3,4,5,9:0.0810462:2,6,7,8,10_0,1,3,4,5,9:0.0663423
1,3,5,7,9_0,2,4,6,8,10:0.709229:1,3,5,7,9_0,2,4,6,8,10:0.683849:1,3,5,7,9_0,2,4,6,8,10:0.0658861:1,3,5,7,9_0,2,4,6,8,10:0.0529544
2,3,5,7,9_0,1,4,6,8,10:0.796369:2,3,5,7,9_0,1,4,6,8,10:0.766106:2,3,5,7,9_0,1,4,6,8,10:0.0732318:2,3,5,7,9_0,1,4,6,8,10:0.0594004
3,4,6,7,8_0,1,2,5,9,10:0.862793:3,4,6,7,8_0,1,2,5,9,10:0.819257:3,4,6,7,8_0,1,2,5,9,10:0.103518:3,4,6,7,8_0,1,2,5,9,10:0.0765317
0,1,3,6,10_2,4,5,7,8,9:0.904281:0,1,3,6,10_2,4,5,7,8,9:0.848648:0,1,3,6,10_2,4,5,7,8,9:0.0819934:0,1,3,6,10_2,4,5,7,8,9:0.0651758
0,3,6,9,10_1,2,4,5,7,8:0.88037:0,3,6,9,10_1,2,4,5,7,8:0.819087:0,3,6,9,10_1,2,4,5,7,8:0.0702692:0,3,6,9,10_1,2,4,5,7,8:0.0581618
1,2,4,5,8_0,3,6,7,9,10:0.934131:1,2,4,5,8_0,3,6,7,9,10:0.871752:1,2,4,5,8_0,3,6,7,9,10:0.0751295:1,2,4,5,8_0,3,6,7,9,10:0.0619608
0,1,5,8,9_2,3,4,6,7,10:0.776851:0,1,5,8,9_2,3,4,6,7,10:0.760678:0,1,5,8,9_2,3,4,6,7,10:0.0906541:0,1,5,8,9_2,3,4,6,7,10:0.068362
4,5,6,7,8_0,1,2,3,9,10:1:4,5,6,7,8_0,1,2,3,9,10:0.830302:4,5,6,7,8_0,1,2,3,9,10:0.12802:4,5,6,7,8_0,1,2,3,9,10:0.0888971
1,2,5,6,9_0,3,4,7,8,10:0.829307:1,2,5,6,9_0,3,4,7,8,10:0.781043:1,2,5,6,9_0,3,4,7,8,10:0.0699561:1,2,5,6,9_0,3,4,7,8,10:0.0571187
0,3,5,9,10_1,2,4,6,7,8:0.760837:0,3,5,9,10_1,2,4,6,7,8:0.71076:0,3,5,9,10_1,2,4,6,7,8:0.0744085:0,3,5,9,10_1,2,4,6,7,8:0.0598567
0,3,5,7,9_1,2,4,6,8,10:0.773429:0,3,5,7,9_1,2,4,6,8,10:0.743039:0,3,5,7,9_1,2,4,6,8,10:0.0711972:0,3,5,7,9_1,2,4,6,8,10:0.0579232
0,3,6,8,9_1,2,4,5,7,10:0.774644:0,3,6,8,9_1,2,4,5,7,10:0.754595:0,3,6,8,9_1,2,4,5,7,10:0.0777535:0,3,6,8,9_1,2,4,5,7,10:0.0617857
2,3,4,8,9_0,1,5,6,7,10:0.763661:2,3,4,8,9_0,1,5,6,7,10:0.735396:2,3,4,8,9_0,1,5,6,7,10:0.0704316:2,3,4,8,9_0,1,5,6,7,10:0.0570674
1,2,4,9,10_0,3,5,6,7,8:0.91325:1,2,4,9,10_0,3,5,6,7,8:0.860019:1,2,4,9,10_0,3,5,6,7,8:0.0762416:1,2,4,9,10_0,3,5,6,7,8:0.0625127
0,1,5,8,10_2,3,4,6,7,9:0.74954:0,1,5,8,10_2,3,4,6,7,9:0.732217:0,1,5,8,10_2,3,4,6,7,9:0.0809278:0,1,5,8,10_2,3,4,6,7,9:0.0626792
1,3,4,8,9_0,2,5,6,7,10:0.672143:1,3,4,8,9_0,2,5,6,7,10:0.649724:1,3,4,8,9_0,2,5,6,7,10:0.0670785:1,3,4,8,9_0,2,5,6,7,10:0.052742
1,3,4,6,10_0,2,5,7,8,9:0.826561:1,3,4,6,10_0,2,5,7,8,9:0.746671:1,3,4,6,10_0,2,5,7,8,9:0.0830415:1,3,4,6,10_0,2,5,7,8,9:0.0628723
1,3,8,9,10_0,2,4,5,6,7:0.719071:1,3,8,9,10_0,2,4,5,6,7:0.685105:1,3,8,9,10_0,2,4,5,6,7:0.0781811:1,3,8,9,10_0,2,4,5,6,7:0.0604825
1,3,4,5,6_0,2,7,8,9,10:1:1,3,4,5,6_0,2,7,8,9,10:0.977275:1,3,4,5,6_0,2,7,8,9,10:0.0970109:1,3,4,5,6_0,2,7,8,9,10:0.0775841
