526
15_7
15_9
15_10
15_8
15_20
15_16
15_19
15_14
15_11
15_12
15_18
15_13
15_5
15_4
15_6
15_21
15_17
15_22
15_1
15_3
15_26
15_23
15_29
15_2
15_27
15_25
15_24
7_9
7_10
7_8
7_20
7_16
7_19
7_14
7_11
7_12
7_18
7_13
7_5
7_4
7_6
7_21
7_17
7_22
7_1
7_3
7_26
7_23
7_29
7_2
7_27
7_25
7_24
9_10
9_8
9_20
9_16
9_19
9_14
9_11
9_12
9_18
9_13
9_5
9_4
9_6
9_21
9_17
9_22
9_1
9_3
9_26
9_23
9_29
9_2
9_27
9_25
9_24
10_8
10_20
10_16
10_19
10_14
10_11
10_12
10_18
10_13
10_5
10_4
10_6
10_21
10_17
10_22
10_1
10_3
10_26
10_23
10_29
10_2
10_27
10_25
10_24
8_20
8_16
8_19
8_14
8_11
8_12
8_18
8_13
8_5
8_4
8_6
8_21
8_17
8_22
8_1
8_3
8_26
8_23
8_29
8_2
8_27
8_25
8_24
20_16
20_19
20_14
20_11
20_12
20_18
20_13
20_5
20_4
20_6
20_21
20_17
20_22
20_1
20_3
20_26
20_23
20_29
20_2
20_27
20_25
20_24
16_19
16_14
16_11
16_12
16_18
16_13
16_5
16_4
16_6
16_21
16_17
16_22
16_1
16_3
16_26
16_23
16_29
16_2
16_27
16_25
16_24
19_14
19_11
19_12
19_18
19_13
19_5
19_4
19_6
19_21
19_17
19_22
19_1
19_3
19_26
19_23
19_29
19_2
19_27
19_25
19_24
14_11
14_12
14_18
14_13
14_5
14_4
14_6
14_21
14_17
14_22
14_1
14_3
14_26
14_23
14_29
14_2
14_27
14_25
14_24
11_12
11_18
11_13
11_5
11_4
11_6
11_21
11_17
11_22
11_1
11_3
11_26
11_23
11_29
11_2
11_27
11_25
11_24
12_18
12_13
12_5
12_4
12_6
12_21
12_17
12_22
12_1
12_3
12_26
12_23
12_29
12_2
12_27
12_25
12_24
18_13
18_5
18_4
18_6
18_21
18_17
18_22
18_1
18_3
18_26
18_23
18_29
18_2
18_27
18_25
18_24
13_5
13_4
13_6
13_21
13_17
13_22
13_1
13_3
13_26
13_23
13_29
13_2
13_27
13_25
13_24
5_4
5_6
5_21
5_17
5_22
5_1
5_3
5_26
5_23
5_29
5_2
5_27
5_25
5_24
4_6
4_21
4_17
4_22
4_1
4_3
4_26
4_23
4_29
4_2
4_27
4_25
4_24
6_21
6_17
6_22
6_1
6_3
6_26
6_23
6_29
6_2
6_27
6_25
6_24
21_17
21_22
21_1
21_3
21_26
21_23
21_29
21_2
21_27
21_25
21_24
17_22
17_1
17_3
17_26
17_23
17_29
17_2
17_27
17_25
17_24
22_1
22_3
22_26
22_23
22_29
22_2
22_27
22_25
22_24
1_3
1_26
1_23
1_29
1_2
1_27
1_25
1_24
3_26
3_23
3_29
3_2
3_27
3_25
3_24
26_23
26_29
26_2
26_27
26_25
26_24
23_29
23_2
23_27
23_25
23_24
29_2
29_27
29_25
29_24
2_27
2_25
2_24
27_25
27_24
25_24
15
7
9
10
8
20
16
19
14
11
12
18
13
5
4
6
21
17
22
1
3
26
23
29
2
27
25
24
9,10,16,11,12,5,4,6,21,22,26,29,2,25_15,7,8,20,19,14,18,13,17,1,3,23,27,24
7,8,20,14,18,13,17,22,1,3,26,29,27,25_15,9,10,16,19,11,12,5,4,6,21,23,2,24
15,19,14,12,18,13,5,6,21,17,22,1,3,29_7,9,10,8,20,16,11,4,26,23,2,27,25,24
15,10,8,20,16,14,11,12,17,22,1,23,27,25_7,9,19,18,13,5,4,6,21,3,26,29,2,24
15,7,20,16,11,12,18,13,4,6,1,3,29,24_9,10,8,19,14,5,21,17,22,26,23,2,27,25
7,9,10,16,11,12,18,5,4,6,17,3,23,2_15,8,20,19,14,13,21,22,1,26,29,27,25,24
15,9,10,8,19,14,11,4,6,22,1,23,2,24_7,20,16,12,18,13,5,21,17,3,26,29,27,25
7,9,10,16,19,11,12,18,13,4,1,26,23,25_15,8,20,14,5,6,21,17,22,3,29,2,27,24
15,7,9,8,20,14,12,5,21,1,3,23,2,27_10,16,19,11,18,13,4,6,17,22,26,29,25,24
15,7,10,20,18,4,6,21,17,22,3,2,27,25_9,8,16,19,14,11,12,13,5,1,26,23,29,24
15,9,8,20,19,14,11,18,13,5,17,3,27,25_7,10,16,12,4,6,21,22,1,26,23,29,2,24
7,9,19,11,18,13,4,6,17,1,3,26,29,24_15,10,8,20,16,14,12,5,21,22,23,2,27,25
15,16,19,14,11,12,13,4,6,21,17,22,23,29_7,9,10,8,20,18,5,1,3,26,2,27,25,24
15,7,9,10,14,11,12,18,4,21,26,23,29,25_8,20,16,19,13,5,6,17,22,1,3,2,27,24
7,9,10,20,19,11,5,17,1,3,26,23,29,25_15,8,16,14,12,18,13,4,6,21,22,2,27,24
9,16,11,12,13,4,6,17,22,3,23,29,27,25_15,7,10,8,20,19,14,18,5,21,1,26,2,24
8,20,19,14,11,12,13,5,3,23,29,2,25,24_15,7,9,10,16,18,4,6,21,17,22,1,26,27
9,10,20,14,11,12,13,4,6,17,22,3,29,2_15,7,8,16,19,18,5,21,1,26,23,27,25,24
15,10,16,14,11,18,13,6,21,22,23,29,2,27_7,9,8,20,19,12,5,4,17,1,3,26,25,24
9,20,11,12,5,4,21,17,22,1,3,26,27,25_15,7,10,8,16,19,14,18,13,6,23,29,2,24
15,7,8,11,12,13,4,21,22,1,26,23,2,25_9,10,20,16,19,14,18,5,6,17,3,29,27,24
7,10,20,12,18,13,17,22,1,3,26,29,2,25_15,9,8,16,19,14,11,5,4,6,21,23,27,24
15,7,9,8,16,14,11,12,18,17,22,1,2,24_10,20,19,13,5,4,6,21,3,26,23,29,27,25
8,20,16,14,11,4,6,17,22,3,26,23,29,27_15,7,9,10,19,12,18,13,5,21,1,2,25,24
8,20,19,14,12,6,21,17,22,3,26,2,25,24_15,7,9,10,16,11,18,13,5,4,1,23,29,27
15,7,10,8,20,5,6,22,26,23,29,2,27,25_9,16,19,14,11,12,18,13,4,21,17,1,3,24
15,7,10,8,16,19,12,13,5,4,17,1,3,2_9,20,14,11,18,6,21,22,26,23,29,27,25,24
20,14,11,18,5,6,21,1,3,26,23,29,2,24_15,7,9,10,8,16,19,12,13,4,17,22,27,25
7,9,14,12,18,13,5,4,6,21,17,3,27,25_15,10,8,20,16,19,11,22,1,26,23,29,2,24
7,9,10,20,19,14,18,5,3,26,29,27,25,24_15,8,16,11,12,13,4,6,21,17,22,1,23,2
9,10,20,16,19,11,12,13,21,22,1,2,27,25_15,7,8,14,18,5,4,6,17,3,26,23,29,24
7,9,8,16,18,5,6,21,17,22,3,23,29,24_15,10,20,19,14,11,12,13,4,1,26,2,27,25
7,8,16,11,12,13,5,4,21,22,23,29,2,27_15,9,10,20,19,14,18,6,17,1,3,26,25,24
7,8,18,13,5,4,17,22,1,26,23,2,27,25_15,9,10,20,16,19,14,11,12,6,21,3,29,24
7,9,8,14,18,5,4,6,21,17,29,27,25,24_15,10,20,16,19,11,12,13,22,1,3,26,23,2
9,10,8,19,11,12,18,1,3,26,29,2,27,25_15,7,20,16,14,13,5,4,6,21,17,22,23,24
15,10,20,19,11,12,18,17,3,26,29,27,25,24_7,9,8,16,14,13,5,4,6,21,22,1,23,2
15,20,16,19,5,4,6,21,1,3,26,29,2,24_7,9,10,8,14,11,12,18,13,17,22,23,27,25
9,8,20,16,19,14,11,12,5,4,22,23,29,25_15,7,10,18,13,6,21,17,1,3,26,2,27,24
15,7,9,20,14,11,12,13,17,22,3,26,23,27_10,8,16,19,18,5,4,6,21,1,29,2,25,24
10,8,20,16,12,18,4,6,17,3,23,2,27,25_15,7,9,19,14,11,13,5,21,22,1,26,29,24
7,9,20,16,14,12,18,13,5,4,21,22,2,27_15,10,8,19,11,6,17,1,3,26,23,29,25,24
15,8,19,12,18,5,4,6,17,22,26,23,2,27_7,9,10,20,16,14,11,13,21,1,3,29,25,24
15,7,16,19,14,11,12,18,13,5,3,27,25,24_9,10,8,20,4,6,21,17,22,1,26,23,29,2
7,20,19,11,12,13,4,21,17,26,23,29,2,25_15,9,10,8,16,14,18,5,6,22,1,3,27,24
7,9,10,19,14,11,12,13,4,22,1,3,26,2_15,8,20,16,18,5,6,21,17,23,29,27,25,24
15,7,9,10,8,16,19,11,5,4,21,3,2,25_20,14,12,18,13,6,17,22,1,26,23,29,27,24
15,7,20,11,12,13,5,4,1,26,23,29,2,25_9,10,8,16,19,14,18,6,21,17,22,3,27,24
11,13,17,22,3,23,24_7,5,4,1,26,29,27
9,5,17_7,10,12,18,22,3,26,23,2,25,24
7,20,14,12,13,3,27,25_9,8,19,5,21
20,16,18,22_8,14,3,29,27
15,7,16,18,5,21,26_11,13,4,3,29,27
9,8,14,22,26,2,27,25,24_15,20,16,12,3,23
15,7,4,1,23,29_20,14,12,13,21,22,27
7,9,13,5,6,23,27_8,20,11,17,26
4,6,21,17,22,2_15,9,11,12,13,5,3,29
10,20,12,2,27,24_7,19,14,11,13,17,26,23
9,10,11,21,22,3,27,24_15,7,16,19,14,18,13,4
7,9,19,17_10,8,14,12,22,25
16,19,12,6,26,27_18,5,21,29,2
7,20,16,5,21,22,26,27_9,11,6,2
9,20,12,18,3_7,16,19,11,21,23,29
15,10,11_7,9,20,19,13,22,3,2
7,11,13,4,21,17,29,27_8,16,19,18,6,22,1,26,23,2,24
7,20,1,26_9,10,8,11,18,13,23,29,2
7,18,5,17,27,24_9,10,8,12,4,6,29
15,16,11,4,17,3,27_7,14,12,13,6,26,23
20,16,11,18,5_15,7,9,10,19,6,23
10,20,19,5,1_7,11,13,6,21,17,26,27
15,7,10,19,1_9,8,16,12,18,6,17,26,23,27,25
16,12,18,5,21,29,27_9,19,14,11,17,3,26,24
15,16,11,18,13,26,23,24_8,19,12,5,17,22,1,29,25
7,10,20,19,21,3,26,29_9,23,2,27,25
19,6,3,25_9,12,21,17,26,23
9,11,18,4,3,26_7,16,19,21,22,23,27,24
15,8,20,16,12,18,21,22,3,23,27_10,4,6,26
19,11,4,6,2_10,20,14,12,18,5,17
9,5,26_10,18,4,6,17,1,23,29,25
19,11,21,17,23_10,20,16,5,6,22,29,27
15,8,14,11,5,21,17,23,24_9,19,12,13,4,22,1,2,27,25
7,8,20,4,17,26,23,29_15,13,5,21,2,27,25
13,21,27_15,7,10,19,18,17,22,29,25,24
15,9,10,19,14,12,4,1,24_7,11,18,17,22,23,2,27
7,8,20,19,13,5,4,6,21,17,29,27_15,9,10,14,18,26,24
11,13,29_7,9,8,20,12,5,4,6,21,17,22,1,26,25
7,16,14,11,12,4,6,1,3,26,23,24_10,8,18
9,8,12,13,6,17,26,2_7,10,16,14,11,18,5,22,23,27,25,24
10,8,16,13,6,21,1,29,27,25_15,20,19,14,18,22,23
6,21,22,1,23,2_15,7,9,8,14,18,13,5,17,26,29
10,19,11,6,22,23,2_15,17,29,27,24
15,14,13,17,29_7,10,20,16,4,21,3,26
18,21,23,24_20,16,5,17,3,26
16,6_15,7,20,13,25
15,5,6,25_9,10,8,20,17,23,2
9,11,13,2_15,7,10,8,16,4,21,22,3,26,29
9,8,6,21,17,3,26,23,29,2_20,19,11,13,5,1,27,25,24
7,14,12,1_15,18,4,6,26,23,2,27,24
10,8,16,13,6,21,22,1,23,29,2,24_27,25
8,14,13,21,22,29,2_7,10,19,11,12,18,6,1,26,23,27,24
15,11,4,21,1,26,27_7,10,20,12,6,3
15,7,19,12,13,5,17,23,29,24_10,8,20,16,6,27
11,6,21,2,25_15,8,13,4,17,3,26
15,8,20,16,5,1,26,23,25_10,12,13,6,29,24
16,14_15,10,6,22,3,29,24
15,10,12,4,6,22,23,24_19,14,11,18,13,21,1,3,2,25
11,18,1,23,29,2_15,20,16,19,12,13,6,21,27,24
8,11,12,13,6,21,17,29_7,10,20,14,18,22,2,25,24
15,10,12,13,6,3_7,8,19,11,18,4,21,22,23,2
7,9,16,12,5,6,21,22,23,2,27,25_8,14,18,4,1,3,29
15,9,20,19,14,4,6,17,23,27_13,22,26,29
15,10,8,19,12,13,1,29_9,20,11,6,21,17,22,3,25
13,4,6,25_8,11,5,21,22,27
7,10,8,20,13,4,21,22_6,17,1,29,27,25,24
9,16,11,18_7,10,19,14,5,24
7,8,12,24_19,14,6,17,23,2,27
10,20,12,5,23,25_9,16,6,21,17,29,2,27
20,19,14,11,13,22,3_1,2,25,24
7,9,10,8,13,6,23,27,24_15,11,5,21,17,25
16,19,18,13,4,22,1,2,27_7,14,5,29
