526
0.145749
0.232323
0.314790
0.195231
0.434109
0.764706
0.614815
0.882096
0.377966
0.586486
0.662069
0.732026
0.022936
0.025000
0.110497
0.333333
0.701863
0.192661
0.038462
0.042373
0.048077
0.241071
0.057692
0.038462
0.095238
0.067308
0.076190
0.394444
0.281951
0.625652
0.035971
0.098253
0.061466
0.147002
0.227790
0.224924
0.076212
0.190236
0.286561
0.095982
0.720000
0.039506
0.060134
0.025189
0.007653
0.014778
0.010204
0.030000
0.005102
0.007653
0.020356
0.010204
0.010178
0.813303
0.727924
0.053147
0.138889
0.084605
0.274847
0.655612
0.490586
0.108071
0.352018
0.063433
0.022788
0.219409
0.041252
0.119143
0.025899
0.005797
0.007102
0.007246
0.028653
0.005797
0.005797
0.013025
0.011594
0.008683
0.563228
0.089394
0.202568
0.127628
0.360526
0.837645
0.603774
0.149408
0.489845
0.042724
0.014472
0.163494
0.060185
0.174855
0.032812
0.007874
0.006163
0.012598
0.049767
0.009449
0.007874
0.011006
0.009449
0.012579
0.050505
0.127559
0.075000
0.223343
0.442654
0.379641
0.101639
0.274968
0.131772
0.043200
0.386941
0.039519
0.099042
0.026132
0.007030
0.006861
0.010545
0.027730
0.007030
0.007030
0.010526
0.008787
0.008772
0.666667
0.741379
0.407895
0.111111
0.211604
0.764706
0.305677
0.035461
0.060241
0.052632
0.675000
0.690476
0.562500
0.185185
0.170732
0.222222
0.600000
0.185185
0.222222
0.321429
0.185185
0.214286
0.707071
0.715026
0.243682
0.434132
0.834862
0.548148
0.038462
0.048387
0.095092
0.481481
0.888000
0.301370
0.058824
0.073171
0.102941
0.355263
0.102941
0.058824
0.101449
0.088235
0.144928
0.512658
0.161850
0.274247
0.864865
0.412766
0.027211
0.044944
0.065292
0.586957
0.744444
0.473684
0.151515
0.106383
0.181818
0.560976
0.121212
0.151515
0.235294
0.121212
0.235294
0.438825
0.681934
0.601190
0.817629
0.037344
0.010929
0.116883
0.300000
0.673913
0.159091
0.039370
0.042553
0.039370
0.237037
0.055118
0.039370
0.054688
0.039370
0.062500
0.736074
0.190926
0.581159
0.038206
0.016544
0.155496
0.075848
0.220183
0.040568
0.010246
0.011952
0.014344
0.052419
0.012295
0.010246
0.018405
0.010246
0.018405
0.336570
0.776596
0.047120
0.012346
0.155894
0.149466
0.375385
0.084249
0.018657
0.017730
0.018657
0.115942
0.029851
0.014925
0.022305
0.018657
0.029740
0.420408
0.025478
0.040404
0.076412
0.625000
0.850000
0.437500
0.116279
0.087719
0.162791
0.490196
0.093023
0.116279
0.204545
0.139535
0.181818
0.056604
0.026923
0.134199
0.184332
0.482759
0.105263
0.019608
0.022936
0.034314
0.146226
0.029412
0.019608
0.029268
0.029412
0.034146
0.587209
0.524064
0.038760
0.034682
0.041322
0.025862
0.246154
0.025862
0.048387
0.025862
0.025862
0.034188
0.025862
0.042735
0.215190
0.070423
0.060870
0.063492
0.051724
0.708333
0.051724
0.075758
0.051724
0.068966
0.067797
0.051724
0.084746
0.069597
0.063091
0.026415
0.011538
0.054745
0.015385
0.037313
0.007692
0.007692
0.022989
0.023077
0.019157
0.430556
0.700000
0.333333
0.172414
0.266667
0.608696
0.266667
0.333333
0.562500
0.466667
0.437500
0.296875
0.067797
0.095890
0.067797
0.402985
0.084746
0.067797
0.133333
0.067797
0.150000
0.428571
0.238095
0.428571
0.733333
0.428571
0.428571
0.625000
0.428571
0.625000
0.187500
1.000000
0.400000
1.000000
1.000000
1.000000
1.000000
1.000000
0.187500
0.250000
0.187500
0.187500
0.235294
0.187500
0.235294
0.500000
1.000000
1.000000
1.000000
1.000000
0.666667
0.300000
0.400000
0.545455
0.400000
0.363636
1.000000
1.000000
1.000000
1.000000
1.000000
1.000000
1.000000
1.000000
1.000000
1.000000
0.159923
0.268374
0.534594
0.464448
0.421355
0.025856
0.071582
0.047402
0.156572
0.367967
0.289203
0.040938
0.306201
0.065119
0.035193
0.144362
0.016998
0.052909
0.006703
0.000958
0.016758
0.002394
0.014125
0.001915
0.001436
0.003112
0.001915
0.003831
0.617668
0.609528
0.530046
0.624850
0.663874
0.538904
0.581518
0.579842
0.665549
0.652861
0.680153
0.721092
0.597079
0.597079
0.699545
0.724204
0.720613
0.570984
0.646158
0.657410
0.735456
0.698348
0.598755
0.733780
0.660282
0.603064
0.716543
0.550634
0.673210
0.742638
0.488149
0.537467
0.730189
0.595643
0.529327
0.488389
0.548719
0.315298
0.687335
0.695954
0.760833
0.753172
0.639933
0.683266
0.666746
0.565956
0.496050
0.689011
0.212166
0.766921
0.702736
0.271981
0.523364
0.443441
0.393035
0.767450
0.300659
0.798571
0.545993
0.789683
0.429463
0.533042
0.769118
0.727097
0.779646
0.264330
0.410049
0.650856
0.510862
0.722897
0.765365
0.490094
0.634233
0.758811
0.225279
0.407938
0.723671
0.691065
0.794322
0.671930
0.889092
0.469032
0.356615
0.624699
0.588625
0.429389
0.738209
0.867617
0.344795
0.260533
0.229611
0.507075
0.426934
0.600952
0.265530
0.770775
0.561997
0.641554
0.005656
0.651674
0.601241
0.779320
0.696095
0.709792
0.338005
0.760956
0.663588
0.826960
0.807642
0.635500
0.312341
0.853448
0.574766
0.322087
0.775629
0.521283
0.783948
0.017778
0.445545
0.464559
