6,8,4,2,1_7,5,9,3,10:0.915458:6,8,4,2,1_7,5,9,3,10:0.899041:6,8,4,2,1_7,5,9,3,10:0.823352:6,8,4,2,1_7,5,9,3,10:0.753231
6,5,1,9,10_7,8,4,2,3:0.843234:6,5,1,9,10_7,8,4,2,3:0.826093:6,5,1,9,10_7,8,4,2,3:0.787303:6,5,1,9,10_7,8,4,2,3:0.718542
6,8,4,2,3_7,5,1,9,10:0.94638:6,8,4,2,3_7,5,1,9,10:0.93244:6,8,4,2,3_7,5,1,9,10:0.876063:6,8,4,2,3_7,5,1,9,10:0.803229
5,8,2,1,9_7,6,4,3,10:0.838253:5,8,2,1,9_7,6,4,3,10:0.820536:5,8,2,1,9_7,6,4,3,10:0.793677:5,8,2,1,9_7,6,4,3,10:0.723883
7,6,5,9,3_8,4,2,1,10:0.978703:7,6,5,9,3_8,4,2,1,10:0.970768:7,6,5,9,3_8,4,2,1,10:0.961125:7,6,5,9,3_8,4,2,1,10:0.885861
6,8,2,1,10_7,5,4,9,3:0.884036:6,8,2,1,10_7,5,4,9,3:0.87052:6,8,2,1,10_7,5,4,9,3:0.837098:6,8,2,1,10_7,5,4,9,3:0.767069
7,6,5,8,4_2,1,9,3,10:0.850939:7,6,5,8,4_2,1,9,3,10:0.83471:7,6,5,8,4_2,1,9,3,10:0.825422:7,6,5,8,4_2,1,9,3,10:0.754195
6,5,8,3,10_7,4,2,1,9:0.893092:6,5,8,3,10_7,4,2,1,9:0.884084:6,5,8,3,10_7,4,2,1,9:0.832214:6,5,8,3,10_7,4,2,1,9:0.765843
6,5,8,9,3_7,4,2,1,10:0.859551:6,5,8,9,3_7,4,2,1,10:0.830549:6,5,8,9,3_7,4,2,1,10:0.859551:6,5,8,9,3_7,4,2,1,10:0.785132
7,6,2,9,3_5,8,4,1,10:0.985575:7,6,2,9,3_5,8,4,1,10:0.934808:7,6,2,9,3_5,8,4,1,10:0.926827:7,6,2,9,3_5,8,4,1,10:0.857851
6,2,9,3,10_7,5,8,4,1:1:6,2,9,3,10_7,5,8,4,1:0.897652:6,2,9,3,10_7,5,8,4,1:1:6,2,9,3,10_7,5,8,4,1:0.901185
6,5,4,3,10_7,8,2,1,9:0.830492:6,5,4,3,10_7,8,2,1,9:0.814463:6,5,4,3,10_7,8,2,1,9:0.749077:6,5,4,3,10_7,8,2,1,9:0.684471
5,8,1,9,10_7,6,4,2,3:0.90574:5,8,1,9,10_7,6,4,2,3:0.891383:5,8,1,9,10_7,6,4,2,3:0.789587:5,8,1,9,10_7,6,4,2,3:0.724174
7,6,1,3,10_5,8,4,2,9:0.842722:7,6,1,3,10_5,8,4,2,9:0.828519:7,6,1,3,10_5,8,4,2,9:0.831682:7,6,1,3,10_5,8,4,2,9:0.761414
5,4,1,3,10_7,6,8,2,9:0.813533:5,4,1,3,10_7,6,8,2,9:0.801284:5,4,1,3,10_7,6,8,2,9:0.772648:5,4,1,3,10_7,6,8,2,9:0.708142
7,8,2,1,3_6,5,4,9,10:0.994843:7,8,2,1,3_6,5,4,9,10:0.982975:7,8,2,1,3_6,5,4,9,10:0.894151:7,8,2,1,3_6,5,4,9,10:0.822082
5,4,2,9,3_7,6,8,1,10:0.965744:5,4,2,9,3_7,6,8,1,10:0.953386:5,4,2,9,3_7,6,8,1,10:0.923227:5,4,2,9,3_7,6,8,1,10:0.847676
7,6,8,2,10_5,4,1,9,3:0.914987:7,6,8,2,10_5,4,1,9,3:0.903248:7,6,8,2,10_5,4,1,9,3:0.890068:7,6,8,2,10_5,4,1,9,3:0.817283
5,8,2,3,10_7,6,4,1,9:1:5,8,2,3,10_7,6,4,1,9:0.928494:5,8,2,3,10_7,6,4,1,9:0.75807:5,8,2,3,10_7,6,4,1,9:0.703874
7,8,2,9,10_6,5,4,1,3:0.947985:7,8,2,9,10_6,5,4,1,3:0.932531:7,8,2,9,10_6,5,4,1,3:0.883223:7,8,2,9,10_6,5,4,1,3:0.808722
6,5,8,4,10_7,2,1,9,3:0.992054:6,5,8,4,10_7,2,1,9,3:0.965073:6,5,8,4,10_7,2,1,9,3:0.88432:6,5,8,4,10_7,2,1,9,3:0.815341
8,2,9,3,10_7,6,5,4,1:0.955245:8,2,9,3,10_7,6,5,4,1:0.94212:8,2,9,3,10_7,6,5,4,1:0.883049:8,2,9,3,10_7,6,5,4,1:0.810296
7,5,2,1,9_6,8,4,3,10:0.961019:7,5,2,1,9_6,8,4,3,10:0.947573:7,5,2,1,9_6,8,4,3,10:0.879827:7,5,2,1,9_6,8,4,3,10:0.807272
7,5,8,4,2_6,1,9,3,10:0.786409:7,5,8,4,2_6,1,9,3,10:0.769331:7,5,8,4,2_6,1,9,3,10:0.76547:7,5,8,4,2_6,1,9,3,10:0.697989
7,6,5,2,3_8,4,1,9,10:0.865246:7,6,5,2,3_8,4,1,9,10:0.852415:7,6,5,2,3_8,4,1,9,10:0.797218:7,6,5,2,3_8,4,1,9,10:0.730916
6,5,8,4,3_7,2,1,9,10:0.906298:6,5,8,4,3_7,2,1,9,10:0.888317:6,5,8,4,3_7,2,1,9,10:0.848463:6,5,8,4,3_7,2,1,9,10:0.77466
7,4,1,9,10_6,5,8,2,3:0.853733:7,4,1,9,10_6,5,8,2,3:0.839293:7,4,1,9,10_6,5,8,2,3:0.821969:7,4,1,9,10_6,5,8,2,3:0.752272
6,5,4,1,9_7,8,2,3,10:0.877096:6,5,4,1,9_7,8,2,3,10:0.86026:6,5,4,1,9_7,8,2,3,10:0.789911:6,5,4,1,9_7,8,2,3,10:0.721866
7,6,2,9,10_5,8,4,1,3:0.901827:7,6,2,9,10_5,8,4,1,3:0.887847:7,6,2,9,10_5,8,4,1,3:0.894702:7,6,2,9,10_5,8,4,1,3:0.820043
7,6,1,9,3_5,8,4,2,10:0.940498:7,6,1,9,3_5,8,4,2,10:0.906754:7,6,1,9,3_5,8,4,2,10:0.807233:7,6,1,9,3_5,8,4,2,10:0.744788
7,6,8,4,10_5,2,1,9,3:0.914042:7,6,8,4,10_5,2,1,9,3:0.899449:7,6,8,4,10_5,2,1,9,3:0.862158:7,6,8,4,10_5,2,1,9,3:0.789609
5,8,9,3,10_7,6,4,2,1:1:5,8,9,3,10_7,6,4,2,1:0.98749:5,8,9,3,10_7,6,4,2,1:0.84838:5,8,9,3,10_7,6,4,2,1:0.781113
7,8,4,1,3_6,5,2,9,10:1:7,8,4,1,3_6,5,2,9,10:0.994449:7,8,4,1,3_6,5,2,9,10:1:7,8,4,1,3_6,5,2,9,10:0.923722
