6,8,4,2,1_7,5,9,3,10:0.915458:6,8,4,2,1_7,5,9,3,10:0.899041
6,5,1,9,10_7,8,4,2,3:0.843234:6,5,1,9,10_7,8,4,2,3:0.826093
6,8,4,2,3_7,5,1,9,10:0.94638:6,8,4,2,3_7,5,1,9,10:0.93244
5,8,2,1,9_7,6,4,3,10:0.838253:5,8,2,1,9_7,6,4,3,10:0.820536
7,6,5,9,3_8,4,2,1,10:0.978703:7,6,5,9,3_8,4,2,1,10:0.970768
6,8,2,1,10_7,5,4,9,3:0.884036:6,8,2,1,10_7,5,4,9,3:0.87052
7,6,5,8,4_2,1,9,3,10:0.850939:7,6,5,8,4_2,1,9,3,10:0.83471
6,5,8,3,10_7,4,2,1,9:0.893092:6,5,8,3,10_7,4,2,1,9:0.884084
6,5,8,9,3_7,4,2,1,10:0.859551:6,5,8,9,3_7,4,2,1,10:0.830549
7,6,2,9,3_5,8,4,1,10:0.985575:7,6,2,9,3_5,8,4,1,10:0.934808
6,2,9,3,10_7,5,8,4,1:1:6,2,9,3,10_7,5,8,4,1:0.897652
6,5,4,3,10_7,8,2,1,9:0.830492:6,5,4,3,10_7,8,2,1,9:0.814463
5,8,1,9,10_7,6,4,2,3:0.90574:5,8,1,9,10_7,6,4,2,3:0.891383
7,6,1,3,10_5,8,4,2,9:0.842722:7,6,1,3,10_5,8,4,2,9:0.828519
5,4,1,3,10_7,6,8,2,9:0.813533:5,4,1,3,10_7,6,8,2,9:0.801284
7,8,2,1,3_6,5,4,9,10:0.994843:7,8,2,1,3_6,5,4,9,10:0.982975
5,4,2,9,3_7,6,8,1,10:0.965744:5,4,2,9,3_7,6,8,1,10:0.953386
7,6,8,2,10_5,4,1,9,3:0.914987:7,6,8,2,10_5,4,1,9,3:0.903248
5,8,2,3,10_7,6,4,1,9:1:5,8,2,3,10_7,6,4,1,9:0.928494
7,8,2,9,10_6,5,4,1,3:0.947985:7,8,2,9,10_6,5,4,1,3:0.932531
6,5,8,4,10_7,2,1,9,3:0.992054:6,5,8,4,10_7,2,1,9,3:0.965073
8,2,9,3,10_7,6,5,4,1:0.955245:8,2,9,3,10_7,6,5,4,1:0.94212
7,5,2,1,9_6,8,4,3,10:0.961019:7,5,2,1,9_6,8,4,3,10:0.947573
7,5,8,4,2_6,1,9,3,10:0.786409:7,5,8,4,2_6,1,9,3,10:0.769331
7,6,5,2,3_8,4,1,9,10:0.865246:7,6,5,2,3_8,4,1,9,10:0.852415
6,5,8,4,3_7,2,1,9,10:0.906298:6,5,8,4,3_7,2,1,9,10:0.888317
7,4,1,9,10_6,5,8,2,3:0.853733:7,4,1,9,10_6,5,8,2,3:0.839293
6,5,4,1,9_7,8,2,3,10:0.877096:6,5,4,1,9_7,8,2,3,10:0.86026
7,6,2,9,10_5,8,4,1,3:0.901827:7,6,2,9,10_5,8,4,1,3:0.887847
7,6,1,9,3_5,8,4,2,10:0.940498:7,6,1,9,3_5,8,4,2,10:0.906754
7,6,8,4,10_5,2,1,9,3:0.914042:7,6,8,4,10_5,2,1,9,3:0.899449
5,8,9,3,10_7,6,4,2,1:1:5,8,9,3,10_7,6,4,2,1:0.98749
7,8,4,1,3_6,5,2,9,10:1:7,8,4,1,3_6,5,2,9,10:0.994449
