0.933954
0.933945
0.933968
0.934093
0.934594
0.935739
0.93803
0.949293
0.722805
1.188993
1.790686
2.610395
0.933954
0.933945
0.933968
0.934093
0.934594
0.935739
0.93803
0.949293
0.722805
1.188993
1.790686
2.610395
0.933954
0.933945
0.933968
0.934093
0.934594
0.935739
0.93803
0.949293
0.722805
1.188993
1.790686
2.610395
0.933954
0.933945
0.933968
0.934093
0.934594
0.935739
0.93803
0.949293
0.722805
1.188993
1.790686
2.610395
0.933954
0.933945
0.933968
0.934093
0.934594
0.935739
0.93803
0.949293
0.722805
1.188993
1.790686
2.610395
0.933954
0.933945
0.933968
0.934093
0.934594
0.935739
0.93803
0.949293
0.722805
1.188993
1.790686
2.62541
0.933954
0.933945
0.933968
0.934093
0.934594
0.935739
0.93803
0.949293
0.722805
1.188993
1.790978
2.683295
0.933954
0.933945
0.933968
0.934093
0.934594
0.935739
0.93803
0.949293
0.722805
1.189328
1.816355
2.646143
0.933954
0.933945
0.933968
0.934093
0.934594
0.935739
0.93803
0.949293
0.722995
1.201923
1.850318
2.552463
0.537312
0.585465
0.58534
0.585064
0.585511
0.540521
0.494062
0.548444
0.726482
1.360011
1.848515
2.278293
0.784138
0.784136
0.784104
0.783797
0.782645
0.781166
0.693129
0.648972
0.729214
1.28516
1.789389
2.478603
1.141309
1.141307
1.141216
1.140453
1.13727
1.132455
1.116128
1.072064
0.875333
1.30682
1.81935
2.01353
