0.93535
0.935342
0.935364
0.935488
0.935983
0.937118
0.939388
0.950548
0.721255
1.185465
1.787237
2.610606
0.93535
0.935342
0.935364
0.935488
0.935983
0.937118
0.939388
0.950548
0.721255
1.185465
1.787237
2.610606
0.93535
0.935342
0.935364
0.935488
0.935983
0.937118
0.939388
0.950548
0.721255
1.185465
1.787237
2.610606
0.93535
0.935342
0.935364
0.935488
0.935983
0.937118
0.939388
0.950548
0.721255
1.185465
1.787237
2.610606
0.93535
0.935342
0.935364
0.935488
0.935983
0.937118
0.939388
0.950548
0.721255
1.185465
1.787237
2.610606
0.93535
0.935342
0.935364
0.935488
0.935983
0.937118
0.939388
0.950548
0.721255
1.185465
1.787237
2.62544
0.93535
0.935342
0.935364
0.935488
0.935983
0.937118
0.939388
0.950548
0.721255
1.185465
1.787514
2.682635
0.93535
0.935342
0.935364
0.935488
0.935983
0.937118
0.939388
0.950548
0.721255
1.185796
1.812583
2.643827
0.93535
0.935342
0.935364
0.935488
0.935983
0.937118
0.939388
0.950548
0.721443
1.198271
1.84556
2.548807
0.536503
0.58473
0.584606
0.58433
0.584775
0.539698
0.493152
0.547574
0.724854
1.356006
1.842327
2.273232
0.781687
0.781685
0.781655
0.781349
0.780209
0.778763
0.690348
0.646146
0.726811
1.279798
1.782214
2.475922
1.134509
1.134507
1.134419
1.133663
1.130512
1.1258
1.109654
1.066096
0.870258
1.300337
1.811968
2.008655
