0.891959
0.891954
0.891987
0.892054
0.892342
0.893001
0.894402
0.901709
0.685924
1.101922
1.627783
2.521484
0.891959
0.891954
0.891987
0.892054
0.892342
0.893001
0.894402
0.901709
0.685924
1.101922
1.627783
2.521484
0.891959
0.891954
0.891987
0.892054
0.892342
0.893001
0.894402
0.901709
0.685924
1.101922
1.627783
2.521484
0.891959
0.891954
0.891987
0.892054
0.892342
0.893001
0.894402
0.901709
0.685924
1.101922
1.627783
2.521484
0.891959
0.891954
0.891987
0.892054
0.892342
0.893001
0.894402
0.901709
0.685924
1.101922
1.627783
2.521484
0.891959
0.891954
0.891987
0.892054
0.892342
0.893001
0.894402
0.901709
0.685924
1.101922
1.627783
2.549746
0.891959
0.891954
0.891987
0.892054
0.892342
0.893001
0.894402
0.901709
0.685924
1.101922
1.632401
2.594491
0.891959
0.891954
0.891987
0.892054
0.892342
0.893001
0.894402
0.901709
0.685924
1.104029
1.680714
2.480843
0.891959
0.891954
0.891987
0.892054
0.892342
0.893001
0.894402
0.901709
0.687238
1.11506
1.691874
2.329689
0.681906
0.563558
0.563557
0.520122
0.520118
0.518633
0.563838
0.519973
0.694996
1.160189
1.676101
2.118327
0.852042
0.780452
0.780424
0.780168
0.781655
0.683625
0.687117
0.573314
0.760857
1.197119
1.624968
2.357048
1.108122
1.10812
1.108058
1.10753
1.105325
1.000322
0.994924
0.965606
0.922643
1.241618
1.56455
2.122664
0
