0.89445
0.894445
0.894478
0.894545
0.894836
0.895499
0.896909
0.90426
0.687183
1.103911
1.630595
2.526732
0.89445
0.894445
0.894478
0.894545
0.894836
0.895499
0.896909
0.90426
0.687183
1.103911
1.630595
2.526732
0.89445
0.894445
0.894478
0.894545
0.894836
0.895499
0.896909
0.90426
0.687183
1.103911
1.630595
2.526732
0.89445
0.894445
0.894478
0.894545
0.894836
0.895499
0.896909
0.90426
0.687183
1.103911
1.630595
2.526732
0.89445
0.894445
0.894478
0.894545
0.894836
0.895499
0.896909
0.90426
0.687183
1.103911
1.630595
2.526732
0.89445
0.894445
0.894478
0.894545
0.894836
0.895499
0.896909
0.90426
0.687183
1.103911
1.630595
2.555041
0.89445
0.894445
0.894478
0.894545
0.894836
0.895499
0.896909
0.90426
0.687183
1.103911
1.635228
2.60003
0.89445
0.894445
0.894478
0.894545
0.894836
0.895499
0.896909
0.90426
0.687183
1.106026
1.683763
2.486572
0.89445
0.894445
0.894478
0.894545
0.894836
0.895499
0.896909
0.90426
0.688503
1.117126
1.69534
2.336014
0.683516
0.564634
0.564632
0.520996
0.52099
0.519487
0.564914
0.52083
0.696323
1.162691
1.680529
2.125033
0.855197
0.78336
0.78333
0.783073
0.784559
0.686213
0.689682
0.575404
0.762802
1.200462
1.630348
2.364071
1.113109
1.113108
1.113045
1.112514
1.110294
1.005204
0.999739
0.97018
0.92634
1.246176
1.570808
2.129657
