2,4,6,0,5_8,1,9,7,3:0.999999
2,1,5,9,3_8,4,6,0,7:0.999986
2,4,6,0,7_8,1,5,9,3:0.999999
1,4,0,5,9_8,2,6,7,3:0.999999
8,2,1,9,7_4,6,0,5,3:0.999986
2,4,0,5,3_8,1,6,9,7:0.999999
8,2,1,4,6_0,5,9,7,3:0.999986
2,1,4,7,3_8,6,0,5,9:0.999986
2,1,4,9,7_8,6,0,5,3:0.999986
8,2,0,9,7_1,4,6,5,3:0.999999
2,0,9,7,3_8,1,4,6,5:0.999999
2,1,6,7,3_8,4,0,5,9:0.999987
1,4,5,9,3_8,2,6,0,7:0.999999
8,2,5,7,3_1,4,6,0,9:0.999999
1,6,5,7,3_8,2,4,0,9:0.999999
8,4,0,5,7_2,1,6,9,3:0.999986
1,6,0,9,7_8,2,4,5,3:0.999999
8,2,4,0,3_1,6,5,9,7:0.999999
1,4,0,7,3_8,2,6,5,9:0.999999
8,4,0,9,3_2,1,6,5,7:0.999986
2,1,4,6,3_8,0,5,9,7:0.999986
4,0,9,7,3_8,2,1,6,5:0.999986
8,1,0,5,9_2,4,6,7,3:0.999999
8,1,4,6,0_2,5,9,7,3:0.999999
8,2,1,0,7_4,6,5,9,3:0.999986
2,1,4,6,7_8,0,5,9,3:0.999986
8,6,5,9,3_2,1,4,0,7:0.999986
2,1,6,5,9_8,4,0,7,3:0.999986
8,2,0,9,3_1,4,6,5,7:0.999999
8,2,5,9,7_1,4,6,0,3:0.999999
8,2,4,6,3_1,0,5,9,7:0.999999
1,4,9,7,3_8,2,6,0,5:0.999999
8,4,6,5,7_2,1,0,9,3:0.999986
2,4,6,0,5_8,1,9,7,3:0.999999
2,1,5,9,3_8,4,6,0,7:0.999986
2,4,6,0,7_8,1,5,9,3:0.999999
1,4,0,5,9_8,2,6,7,3:0.999999
8,2,1,9,7_4,6,0,5,3:0.999986
2,4,0,5,3_8,1,6,9,7:0.999999
8,2,1,4,6_0,5,9,7,3:0.999986
2,1,4,7,3_8,6,0,5,9:0.999986
2,1,4,9,7_8,6,0,5,3:0.999986
8,2,0,9,7_1,4,6,5,3:0.999999
2,0,9,7,3_8,1,4,6,5:0.999999
2,1,6,7,3_8,4,0,5,9:0.999987
1,4,5,9,3_8,2,6,0,7:0.999999
8,2,5,7,3_1,4,6,0,9:0.999999
1,6,5,7,3_8,2,4,0,9:0.999999
8,4,0,5,7_2,1,6,9,3:0.999986
1,6,0,9,7_8,2,4,5,3:0.999999
8,2,4,0,3_1,6,5,9,7:0.999999
1,4,0,7,3_8,2,6,5,9:0.999999
8,4,0,9,3_2,1,6,5,7:0.999986
2,1,4,6,3_8,0,5,9,7:0.999986
4,0,9,7,3_8,2,1,6,5:0.999986
8,1,0,5,9_2,4,6,7,3:0.999999
8,1,4,6,0_2,5,9,7,3:0.999999
8,2,1,0,7_4,6,5,9,3:0.999986
2,1,4,6,7_8,0,5,9,3:0.999986
8,6,5,9,3_2,1,4,0,7:0.999986
2,1,6,5,9_8,4,0,7,3:0.999986
8,2,0,9,3_1,4,6,5,7:0.999999
8,2,5,9,7_1,4,6,0,3:0.999999
8,2,4,6,3_1,0,5,9,7:0.999999
1,4,9,7,3_8,2,6,0,5:0.999999
8,4,6,5,7_2,1,0,9,3:0.999986
2,4,6,0,5_8,1,9,7,3:0.999999
2,1,5,9,3_8,4,6,0,7:0.999986
2,4,6,0,7_8,1,5,9,3:0.999999
1,4,0,5,9_8,2,6,7,3:0.999999
8,2,1,9,7_4,6,0,5,3:0.999986
2,4,0,5,3_8,1,6,9,7:0.999999
8,2,1,4,6_0,5,9,7,3:0.999986
2,1,4,7,3_8,6,0,5,9:0.999986
2,1,4,9,7_8,6,0,5,3:0.999986
8,2,0,9,7_1,4,6,5,3:0.999999
2,0,9,7,3_8,1,4,6,5:0.999999
2,1,6,7,3_8,4,0,5,9:0.999987
1,4,5,9,3_8,2,6,0,7:0.999999
8,2,5,7,3_1,4,6,0,9:0.999999
1,6,5,7,3_8,2,4,0,9:0.999999
8,4,0,5,7_2,1,6,9,3:0.999986
1,6,0,9,7_8,2,4,5,3:0.999999
8,2,4,0,3_1,6,5,9,7:0.999999
1,4,0,7,3_8,2,6,5,9:0.999999
8,4,0,9,3_2,1,6,5,7:0.999986
2,1,4,6,3_8,0,5,9,7:0.999986
4,0,9,7,3_8,2,1,6,5:0.999986
8,1,0,5,9_2,4,6,7,3:0.999999
8,1,4,6,0_2,5,9,7,3:0.999999
8,2,1,0,7_4,6,5,9,3:0.999986
2,1,4,6,7_8,0,5,9,3:0.999986
8,6,5,9,3_2,1,4,0,7:0.999986
2,1,6,5,9_8,4,0,7,3:0.999986
8,2,0,9,3_1,4,6,5,7:0.999999
8,2,5,9,7_1,4,6,0,3:0.999999
8,2,4,6,3_1,0,5,9,7:0.999999
1,4,9,7,3_8,2,6,0,5:0.999999
8,4,6,5,7_2,1,0,9,3:0.999986
2,4,6,0,5_8,1,9,7,3:0.999999
2,1,5,9,3_8,4,6,0,7:0.999986
2,4,6,0,7_8,1,5,9,3:0.999999
1,4,0,5,9_8,2,6,7,3:0.999999
8,2,1,9,7_4,6,0,5,3:0.999986
2,4,0,5,3_8,1,6,9,7:0.999999
8,2,1,4,6_0,5,9,7,3:0.999986
2,1,4,7,3_8,6,0,5,9:0.999986
2,1,4,9,7_8,6,0,5,3:0.999986
8,2,0,9,7_1,4,6,5,3:0.999999
2,0,9,7,3_8,1,4,6,5:0.999999
2,1,6,7,3_8,4,0,5,9:0.999987
1,4,5,9,3_8,2,6,0,7:0.999999
8,2,5,7,3_1,4,6,0,9:0.999999
1,6,5,7,3_8,2,4,0,9:0.999999
8,4,0,5,7_2,1,6,9,3:0.999986
1,6,0,9,7_8,2,4,5,3:0.999999
8,2,4,0,3_1,6,5,9,7:0.999999
1,4,0,7,3_8,2,6,5,9:0.999999
8,4,0,9,3_2,1,6,5,7:0.999986
2,1,4,6,3_8,0,5,9,7:0.999986
4,0,9,7,3_8,2,1,6,5:0.999986
8,1,0,5,9_2,4,6,7,3:0.999999
8,1,4,6,0_2,5,9,7,3:0.999999
8,2,1,0,7_4,6,5,9,3:0.999986
2,1,4,6,7_8,0,5,9,3:0.999986
8,6,5,9,3_2,1,4,0,7:0.999986
2,1,6,5,9_8,4,0,7,3:0.999986
8,2,0,9,3_1,4,6,5,7:0.999999
8,2,5,9,7_1,4,6,0,3:0.999999
8,2,4,6,3_1,0,5,9,7:0.999999
1,4,9,7,3_8,2,6,0,5:0.999999
8,4,6,5,7_2,1,0,9,3:0.999986
2,4,6,0,5_8,1,9,7,3:0.999999
2,1,5,9,3_8,4,6,0,7:0.999986
2,4,6,0,7_8,1,5,9,3:0.999999
1,4,0,5,9_8,2,6,7,3:0.999999
8,2,1,9,7_4,6,0,5,3:0.999986
2,4,0,5,3_8,1,6,9,7:0.999999
8,2,1,4,6_0,5,9,7,3:0.999986
2,1,4,7,3_8,6,0,5,9:0.999986
2,1,4,9,7_8,6,0,5,3:0.999986
8,2,0,9,7_1,4,6,5,3:0.999999
2,0,9,7,3_8,1,4,6,5:0.999999
2,1,6,7,3_8,4,0,5,9:0.999987
1,4,5,9,3_8,2,6,0,7:0.999999
8,2,5,7,3_1,4,6,0,9:0.999999
1,6,5,7,3_8,2,4,0,9:0.999999
8,4,0,5,7_2,1,6,9,3:0.999986
1,6,0,9,7_8,2,4,5,3:0.999999
8,2,4,0,3_1,6,5,9,7:0.999999
1,4,0,7,3_8,2,6,5,9:0.999999
8,4,0,9,3_2,1,6,5,7:0.999986
2,1,4,6,3_8,0,5,9,7:0.999986
4,0,9,7,3_8,2,1,6,5:0.999986
8,1,0,5,9_2,4,6,7,3:0.999999
8,1,4,6,0_2,5,9,7,3:0.999999
8,2,1,0,7_4,6,5,9,3:0.999986
2,1,4,6,7_8,0,5,9,3:0.999986
8,6,5,9,3_2,1,4,0,7:0.999986
2,1,6,5,9_8,4,0,7,3:0.999986
8,2,0,9,3_1,4,6,5,7:0.999999
8,2,5,9,7_1,4,6,0,3:0.999999
8,2,4,6,3_1,0,5,9,7:0.999999
1,4,9,7,3_8,2,6,0,5:0.999999
8,4,6,5,7_2,1,0,9,3:0.999986
2,4,6,0,5_8,1,9,7,3:0.999999
2,1,5,9,3_8,4,6,0,7:0.999986
2,4,6,0,7_8,1,5,9,3:0.999999
1,4,0,5,9_8,2,6,7,3:0.999999
8,2,1,9,7_4,6,0,5,3:0.999986
2,4,0,5,3_8,1,6,9,7:0.999999
8,2,1,4,6_0,5,9,7,3:0.999986
2,1,4,7,3_8,6,0,5,9:0.999986
2,1,4,9,7_8,6,0,5,3:0.999986
8,2,0,9,7_1,4,6,5,3:0.999999
2,0,9,7,3_8,1,4,6,5:0.999999
2,1,6,7,3_8,4,0,5,9:0.999987
1,4,5,9,3_8,2,6,0,7:0.999999
8,2,5,7,3_1,4,6,0,9:0.999999
1,6,5,7,3_8,2,4,0,9:0.999999
8,4,0,5,7_2,1,6,9,3:0.999986
1,6,0,9,7_8,2,4,5,3:0.999999
8,2,4,0,3_1,6,5,9,7:0.999999
1,4,0,7,3_8,2,6,5,9:0.999999
8,4,0,9,3_2,1,6,5,7:0.999986
2,1,4,6,3_8,0,5,9,7:0.999986
4,0,9,7,3_8,2,1,6,5:0.999986
8,1,0,5,9_2,4,6,7,3:0.999999
8,1,4,6,0_2,5,9,7,3:0.999999
8,2,1,0,7_4,6,5,9,3:0.999986
2,1,4,6,7_8,0,5,9,3:0.999986
8,6,5,9,3_2,1,4,0,7:0.999986
2,1,6,5,9_8,4,0,7,3:0.999986
8,2,0,9,3_1,4,6,5,7:0.999999
8,2,5,9,7_1,4,6,0,3:0.999999
8,2,4,6,3_1,0,5,9,7:0.999999
1,4,9,7,3_8,2,6,0,5:0.999999
8,4,6,5,7_2,1,0,9,3:0.999986
2,4,6,0,5_8,1,9,7,3:0.999999
2,1,5,9,3_8,4,6,0,7:0.999986
2,4,6,0,7_8,1,5,9,3:0.999999
1,4,0,5,9_8,2,6,7,3:0.999999
8,2,1,9,7_4,6,0,5,3:0.999986
2,4,0,5,3_8,1,6,9,7:0.999999
8,2,1,4,6_0,5,9,7,3:0.999986
2,1,4,7,3_8,6,0,5,9:0.999986
2,1,4,9,7_8,6,0,5,3:0.999986
8,2,0,9,7_1,4,6,5,3:0.999999
2,0,9,7,3_8,1,4,6,5:0.999999
2,1,6,7,3_8,4,0,5,9:0.999987
1,4,5,9,3_8,2,6,0,7:0.999999
8,2,5,7,3_1,4,6,0,9:0.999999
1,6,5,7,3_8,2,4,0,9:0.999999
8,4,0,5,7_2,1,6,9,3:0.999986
1,6,0,9,7_8,2,4,5,3:0.999999
8,2,4,0,3_1,6,5,9,7:0.999999
1,4,0,7,3_8,2,6,5,9:0.999999
8,4,0,9,3_2,1,6,5,7:0.999986
2,1,4,6,3_8,0,5,9,7:0.999986
4,0,9,7,3_8,2,1,6,5:0.999986
8,1,0,5,9_2,4,6,7,3:0.999999
8,1,4,6,0_2,5,9,7,3:0.999999
8,2,1,0,7_4,6,5,9,3:0.999986
2,1,4,6,7_8,0,5,9,3:0.999986
8,6,5,9,3_2,1,4,0,7:0.999986
2,1,6,5,9_8,4,0,7,3:0.999986
8,2,0,9,3_1,4,6,5,7:0.999999
8,2,5,9,7_1,4,6,0,3:0.999999
8,2,4,6,3_1,0,5,9,7:0.999999
1,4,9,7,3_8,2,6,0,5:0.999999
8,4,6,5,7_2,1,0,9,3:0.999986
2,4,6,0,5_8,1,9,7,3:0.999999
2,1,5,9,3_8,4,6,0,7:0.999986
2,4,6,0,7_8,1,5,9,3:0.999999
1,4,0,5,9_8,2,6,7,3:0.999999
8,2,1,9,7_4,6,0,5,3:0.999986
2,4,0,5,3_8,1,6,9,7:0.999999
8,2,1,4,6_0,5,9,7,3:0.999986
2,1,4,7,3_8,6,0,5,9:0.999986
2,1,4,9,7_8,6,0,5,3:0.999986
8,2,0,9,7_1,4,6,5,3:0.999999
2,0,9,7,3_8,1,4,6,5:0.999999
2,1,6,7,3_8,4,0,5,9:0.999987
1,4,5,9,3_8,2,6,0,7:0.999999
8,2,5,7,3_1,4,6,0,9:0.999999
1,6,5,7,3_8,2,4,0,9:0.999999
8,4,0,5,7_2,1,6,9,3:0.999986
1,6,0,9,7_8,2,4,5,3:0.999999
8,2,4,0,3_1,6,5,9,7:0.999999
1,4,0,7,3_8,2,6,5,9:0.999999
8,4,0,9,3_2,1,6,5,7:0.999986
2,1,4,6,3_8,0,5,9,7:0.999986
4,0,9,7,3_8,2,1,6,5:0.999986
8,1,0,5,9_2,4,6,7,3:0.999999
8,1,4,6,0_2,5,9,7,3:0.999999
8,2,1,0,7_4,6,5,9,3:0.999986
2,1,4,6,7_8,0,5,9,3:0.999986
8,6,5,9,3_2,1,4,0,7:0.999986
2,1,6,5,9_8,4,0,7,3:0.999986
8,2,0,9,3_1,4,6,5,7:0.999999
8,2,5,9,7_1,4,6,0,3:0.999999
8,2,4,6,3_1,0,5,9,7:0.999999
1,4,9,7,3_8,2,6,0,5:0.999999
8,4,6,5,7_2,1,0,9,3:0.999986
2,4,6,0,5_8,1,9,7,3:0.999999
2,1,5,9,3_8,4,6,0,7:0.999986
2,4,6,0,7_8,1,5,9,3:0.999999
1,4,0,5,9_8,2,6,7,3:0.999999
8,2,1,9,7_4,6,0,5,3:0.999986
2,4,0,5,3_8,1,6,9,7:0.999999
8,2,1,4,6_0,5,9,7,3:0.999986
2,1,4,7,3_8,6,0,5,9:0.999986
2,1,4,9,7_8,6,0,5,3:0.999986
8,2,0,9,7_1,4,6,5,3:0.999999
2,0,9,7,3_8,1,4,6,5:0.999999
2,1,6,7,3_8,4,0,5,9:0.999987
1,4,5,9,3_8,2,6,0,7:0.999999
8,2,5,7,3_1,4,6,0,9:0.999999
1,6,5,7,3_8,2,4,0,9:0.999999
8,4,0,5,7_2,1,6,9,3:0.999986
1,6,0,9,7_8,2,4,5,3:0.999999
8,2,4,0,3_1,6,5,9,7:0.999999
1,4,0,7,3_8,2,6,5,9:0.999999
8,4,0,9,3_2,1,6,5,7:0.999986
2,1,4,6,3_8,0,5,9,7:0.999986
4,0,9,7,3_8,2,1,6,5:0.999986
8,1,0,5,9_2,4,6,7,3:0.999999
8,1,4,6,0_2,5,9,7,3:0.999999
8,2,1,0,7_4,6,5,9,3:0.999986
2,1,4,6,7_8,0,5,9,3:0.999986
8,6,5,9,3_2,1,4,0,7:0.999986
2,1,6,5,9_8,4,0,7,3:0.999986
8,2,0,9,3_1,4,6,5,7:0.999999
8,2,5,9,7_1,4,6,0,3:0.999999
8,2,4,6,3_1,0,5,9,7:0.999999
1,4,9,7,3_8,2,6,0,5:0.999999
8,4,6,5,7_2,1,0,9,3:0.999986
2,4,6,0,5_8,1,9,7,3:0.999079
2,1,5,9,3_8,4,6,0,7:0.999055
2,4,6,0,7_8,1,5,9,3:0.999081
1,4,0,5,9_8,2,6,7,3:0.999065
8,2,1,9,7_4,6,0,5,3:0.999061
2,4,0,5,3_8,1,6,9,7:0.999076
8,2,1,4,6_0,5,9,7,3:0.999068
2,1,4,7,3_8,6,0,5,9:0.999064
2,1,4,9,7_8,6,0,5,3:0.999051
8,2,0,9,7_1,4,6,5,3:0.999072
2,0,9,7,3_8,1,4,6,5:0.999072
2,1,6,7,3_8,4,0,5,9:0.999058
1,4,5,9,3_8,2,6,0,7:0.999074
8,2,5,7,3_1,4,6,0,9:0.999079
1,6,5,7,3_8,2,4,0,9:0.999071
8,4,0,5,7_2,1,6,9,3:0.999051
1,6,0,9,7_8,2,4,5,3:0.999076
8,2,4,0,3_1,6,5,9,7:0.99909
1,4,0,7,3_8,2,6,5,9:0.999079
8,4,0,9,3_2,1,6,5,7:0.999059
2,1,4,6,3_8,0,5,9,7:0.999056
4,0,9,7,3_8,2,1,6,5:0.999056
8,1,0,5,9_2,4,6,7,3:0.999075
8,1,4,6,0_2,5,9,7,3:0.999077
8,2,1,0,7_4,6,5,9,3:0.999072
2,1,4,6,7_8,0,5,9,3:0.999066
8,6,5,9,3_2,1,4,0,7:0.999076
2,1,6,5,9_8,4,0,7,3:0.999057
8,2,0,9,3_1,4,6,5,7:0.999073
8,2,5,9,7_1,4,6,0,3:0.999069
8,2,4,6,3_1,0,5,9,7:0.999071
1,4,9,7,3_8,2,6,0,5:0.999071
8,4,6,5,7_2,1,0,9,3:0.999052
