7,6,2,5,8_0,4,1,9,3:1:7,6,2,5,8_0,4,1,9,3:1:7,6,2,5,8_0,4,1,9,3:0.999994:7,6,2,5,8_0,4,1,9,3:0.999445
7,4,8,1,3_0,6,2,5,9:1:7,4,8,1,3_0,6,2,5,9:1:7,4,8,1,3_0,6,2,5,9:0.999995:7,4,8,1,3_0,6,2,5,9:0.999449
7,6,2,5,9_0,4,8,1,3:1:7,6,2,5,9_0,4,8,1,3:1:7,6,2,5,9_0,4,8,1,3:0.999995:7,6,2,5,9_0,4,8,1,3:0.999446
4,6,5,8,1_0,7,2,9,3:1:4,6,5,8,1_0,7,2,9,3:1:4,6,5,8,1_0,7,2,9,3:0.999998:4,6,5,8,1_0,7,2,9,3:0.99945
0,7,4,1,9_6,2,5,8,3:1:0,7,4,1,9_6,2,5,8,3:1:0,7,4,1,9_6,2,5,8,3:0.999993:0,7,4,1,9_6,2,5,8,3:0.999444
7,6,5,8,3_0,4,2,1,9:1:7,6,5,8,3_0,4,2,1,9:1:7,6,5,8,3_0,4,2,1,9:0.999992:7,6,5,8,3_0,4,2,1,9:0.999443
0,7,4,6,2_5,8,1,9,3:1:0,7,4,6,2_5,8,1,9,3:1:0,7,4,6,2_5,8,1,9,3:1:0,7,4,6,2_5,8,1,9,3:0.999465
7,4,6,9,3_0,2,5,8,1:1:7,4,6,9,3_0,2,5,8,1:1:7,4,6,9,3_0,2,5,8,1:0.999998:7,4,6,9,3_0,2,5,8,1:0.99945
7,4,6,1,9_0,2,5,8,3:1:7,4,6,1,9_0,2,5,8,3:1:7,4,6,1,9_0,2,5,8,3:0.999992:7,4,6,1,9_0,2,5,8,3:0.999443
0,7,5,1,9_4,6,2,8,3:1:0,7,5,1,9_4,6,2,8,3:1:0,7,5,1,9_4,6,2,8,3:0.999994:0,7,5,1,9_4,6,2,8,3:0.999444
7,5,1,9,3_0,4,6,2,8:1:7,5,1,9,3_0,4,6,2,8:1:7,5,1,9,3_0,4,6,2,8:0.999995:7,5,1,9,3_0,4,6,2,8:0.99945
7,4,2,9,3_0,6,5,8,1:1:7,4,2,9,3_0,6,5,8,1:1:7,4,2,9,3_0,6,5,8,1:0.999998:7,4,2,9,3_0,6,5,8,1:0.999452
4,6,8,1,3_0,7,2,5,9:1:4,6,8,1,3_0,7,2,5,9:1:4,6,8,1,3_0,7,2,5,9:0.999995:4,6,8,1,3_0,7,2,5,9:0.999447
0,7,8,9,3_4,6,2,5,1:1:0,7,8,9,3_4,6,2,5,1:1:0,7,8,9,3_4,6,2,5,1:0.999995:0,7,8,9,3_4,6,2,5,1:0.999447
4,2,8,9,3_0,7,6,5,1:1:4,2,8,9,3_0,7,6,5,1:1:4,2,8,9,3_0,7,6,5,1:0.999998:4,2,8,9,3_0,7,6,5,1:0.999457
0,6,5,8,9_7,4,2,1,3:1:0,6,5,8,9_7,4,2,1,3:1:0,6,5,8,9_7,4,2,1,3:0.999993:0,6,5,8,9_7,4,2,1,3:0.999443
4,2,5,1,9_0,7,6,8,3:1:4,2,5,1,9_0,7,6,8,3:1:4,2,5,1,9_0,7,6,8,3:0.999991:4,2,5,1,9_0,7,6,8,3:0.999445
0,7,6,5,3_4,2,8,1,9:1:0,7,6,5,3_4,2,8,1,9:1:0,7,6,5,3_4,2,8,1,9:0.999995:0,7,6,5,3_4,2,8,1,9:0.999451
4,6,5,9,3_0,7,2,8,1:1:4,6,5,9,3_0,7,2,8,1:1:4,6,5,9,3_0,7,2,8,1:0.999998:4,6,5,9,3_0,7,2,8,1:0.999454
0,6,5,1,3_7,4,2,8,9:1:0,6,5,1,3_7,4,2,8,9:1:0,6,5,1,3_7,4,2,8,9:0.999991:0,6,5,1,3_7,4,2,8,9:0.999449
7,4,6,2,3_0,5,8,1,9:1:7,4,6,2,3_0,5,8,1,9:1:7,4,6,2,3_0,5,8,1,9:0.999997:7,4,6,2,3_0,5,8,1,9:0.999448
6,5,1,9,3_0,7,4,2,8:1:6,5,1,9,3_0,7,4,2,8:1:6,5,1,9,3_0,7,4,2,8:0.999995:6,5,1,9,3_0,7,4,2,8:0.999447
0,4,5,8,1_7,6,2,9,3:1:0,4,5,8,1_7,6,2,9,3:1:0,4,5,8,1_7,6,2,9,3:0.999998:0,4,5,8,1_7,6,2,9,3:0.999448
0,4,6,2,5_7,8,1,9,3:1:0,4,6,2,5_7,8,1,9,3:1:0,4,6,2,5_7,8,1,9,3:1:0,4,6,2,5_7,8,1,9,3:0.999457
0,7,4,5,9_6,2,8,1,3:1:0,7,4,5,9_6,2,8,1,3:1:0,7,4,5,9_6,2,8,1,3:0.999995:0,7,4,5,9_6,2,8,1,3:0.99945
7,4,6,2,9_0,5,8,1,3:1:7,4,6,2,9_0,5,8,1,3:1:7,4,6,2,9_0,5,8,1,3:0.999995:7,4,6,2,9_0,5,8,1,3:0.999446
0,2,8,1,3_7,4,6,5,9:1:0,2,8,1,3_7,4,6,5,9:1:0,2,8,1,3_7,4,6,5,9:0.999996:0,2,8,1,3_7,4,6,5,9:0.99945
7,4,2,8,1_0,6,5,9,3:1:7,4,2,8,1_0,6,5,9,3:1:7,4,2,8,1_0,6,5,9,3:0.999998:7,4,2,8,1_0,6,5,9,3:0.999454
0,7,5,1,3_4,6,2,8,9:1:0,7,5,1,3_4,6,2,8,9:1:0,7,5,1,3_4,6,2,8,9:0.999993:0,7,5,1,3_4,6,2,8,9:0.999443
0,7,8,1,9_4,6,2,5,3:1:0,7,8,1,9_4,6,2,5,3:1:0,7,8,1,9_4,6,2,5,3:0.999997:0,7,8,1,9_4,6,2,5,3:0.999445
0,7,6,2,3_4,5,8,1,9:1:0,7,6,2,3_4,5,8,1,9:1:0,7,6,2,3_4,5,8,1,9:0.999996:0,7,6,2,3_4,5,8,1,9:0.999459
4,6,1,9,3_0,7,2,5,8:1:4,6,1,9,3_0,7,2,5,8:1:4,6,1,9,3_0,7,2,5,8:0.999995:4,6,1,9,3_0,7,2,5,8:0.999445
0,6,2,8,9_7,4,5,1,3:1:0,6,2,8,9_7,4,5,1,3:1:0,6,2,8,9_7,4,5,1,3:0.999992:0,6,2,8,9_7,4,5,1,3:0.99944
