138
8_2
8_1
8_4
8_6
8_0
8_5
8_9
8_7
8_3
2_1
2_4
2_6
2_0
2_5
2_9
2_7
2_3
1_4
1_6
1_0
1_5
1_9
1_7
1_3
4_6
4_0
4_5
4_9
4_7
4_3
6_0
6_5
6_9
6_7
6_3
0_5
0_9
0_7
0_3
5_9
5_7
5_3
9_7
9_3
7_3
8
2
1
4
6
0
5
9
7
3
2,4,6,0,5_8,1,9,7,3
2,1,5,9,3_8,4,6,0,7
2,4,6,0,7_8,1,5,9,3
1,4,0,5,9_8,2,6,7,3
8,2,1,9,7_4,6,0,5,3
2,4,0,5,3_8,1,6,9,7
8,2,1,4,6_0,5,9,7,3
2,1,4,7,3_8,6,0,5,9
2,1,4,9,7_8,6,0,5,3
8,2,0,9,7_1,4,6,5,3
2,0,9,7,3_8,1,4,6,5
2,1,6,7,3_8,4,0,5,9
1,4,5,9,3_8,2,6,0,7
8,2,5,7,3_1,4,6,0,9
1,6,5,7,3_8,2,4,0,9
8,4,0,5,7_2,1,6,9,3
1,6,0,9,7_8,2,4,5,3
8,2,4,0,3_1,6,5,9,7
1,4,0,7,3_8,2,6,5,9
8,4,0,9,3_2,1,6,5,7
2,1,4,6,3_8,0,5,9,7
4,0,9,7,3_8,2,1,6,5
8,1,0,5,9_2,4,6,7,3
8,1,4,6,0_2,5,9,7,3
8,2,1,0,7_4,6,5,9,3
2,1,4,6,7_8,0,5,9,3
8,6,5,9,3_2,1,4,0,7
2,1,6,5,9_8,4,0,7,3
8,2,0,9,3_1,4,6,5,7
8,2,5,9,7_1,4,6,0,3
8,2,4,6,3_1,0,5,9,7
1,4,9,7,3_8,2,6,0,5
8,4,6,5,7_2,1,0,9,3
2,3_1,4,7
2,1,6,0,9,7_5,3
1_8,4,5,9
2_5,9
1,7_8,6
2,7_3
1,0,5_8,9,7,3
8_1,7
8,4,6,7_2,0
8,2,4,9_0,3
5_7
8,0,5_6,9
1,6,5,9_3
8,6,7_2,1,9
1,9_2
8,4,6,0_2,1,7,3
6_2,1,5
4,0,9,7_1,6,5,3
4,9_5
2,7_8,4,3
8,4,0,7,3_5,9
0,3_2,6
1_7
2,1_4,6,9,3
1,4_8,6,0,5,3
1,4,7_2,6
1,6,0,7_8,9
1,9,7_0,5,3
5_9,7
8,2,5,9,7_4
4,9,7_1,5,3
8,1,5_4
2,6,5,7_4
8,7_0,3
2,6,5,3_8,9,7
8,2,6,0,5_4,7
9_1,4,5
5_8,2,4,3
1,7_6,0,3
2,6_3
8_2,5,3
8,4,7_2,1,0,5
9_1,5,3
7_1,4,6,0,3
6,5,7_8,0
0,7_6,5,9
1,4,6,9,3_5,7
1,4,6,0_9,7,3
1,0,3_8,6,9
8,5,7,3_2
