138
0.028862
0.028345
0.026929
0.029104
0.028402
0.027801
0.027120
0.027591
0.029582
0.030381
0.029084
0.031108
0.030452
0.029893
0.029260
0.029697
0.031528
0.028571
0.030629
0.029964
0.029395
0.028752
0.029192
0.031082
0.029323
0.028627
0.028031
0.027356
0.027822
0.029797
0.030681
0.030116
0.029499
0.029932
0.031776
0.029449
0.028807
0.029250
0.031135
0.028214
0.028667
0.030588
0.028007
0.029971
0.030397
0.019617
0.018913
0.018926
0.018914
0.019599
0.018913
0.019600
0.019614
0.018940
0.019611
0.013038
0.013048
0.013034
0.013043
0.013046
0.013042
0.013034
0.013044
0.013043
0.013043
0.013043
0.013086
0.013032
0.013034
0.013057
0.013070
0.013036
0.013036
0.013035
0.013049
0.013065
0.013037
0.013047
0.013037
0.013036
0.013037
0.013036
0.013042
0.013036
0.013051
0.013036
0.013035
0.013058
0.019579
0.017436
0.023282
0.025989
0.020470
0.027150
0.015732
0.023850
0.018205
0.018399
0.028667
0.018669
0.025026
0.016742
0.026107
0.014731
0.025284
0.014695
0.024572
0.018791
0.016763
0.021968
0.029192
0.018391
0.017029
0.019406
0.017184
0.017000
0.024751
0.021204
0.016743
0.022436
0.021912
0.020753
0.015641
0.016721
0.022704
0.022838
0.019347
0.027566
0.022625
0.015393
0.023059
0.022245
0.018541
0.018834
0.017086
0.015838
0.017040
0.024095
