138
0.989993
0.987984
1.000000
0.996525
0.991995
1.000000
1.000000
0.998664
0.997218
0.978191
0.990385
0.986667
0.982692
0.989333
0.989993
0.988447
0.987325
0.988454
0.984656
0.980757
0.987992
0.987984
0.987155
0.985314
0.996667
0.992308
1.000000
1.000000
0.998716
0.997332
0.988667
0.996528
0.996525
0.995327
0.993746
0.992000
0.991995
0.991014
0.989326
1.000000
0.998665
0.997220
0.998664
0.997218
0.995992
1.000000
1.000000
1.000000
1.000000
1.000000
1.000000
1.000000
1.000000
1.000000
1.000000
0.992394
0.992527
0.992394
0.992394
0.992527
0.992394
0.992527
0.992527
0.992527
0.992394
0.992394
0.992527
0.992394
0.992394
0.992394
0.992527
0.992394
0.992394
0.992394
0.992527
0.992527
0.992527
0.992394
0.992394
0.992527
0.992527
0.992527
0.992527
0.992394
0.992394
0.992394
0.992394
0.992527
0.989572
0.990659
0.995157
0.993240
0.991656
0.990338
0.993096
0.991213
0.992539
0.993107
0.998665
0.995353
0.992343
0.991101
0.985075
0.990751
0.987329
0.993161
1.000000
0.994439
0.996548
0.987996
0.987155
0.990660
0.992524
0.989315
0.991769
0.991991
0.999098
0.995996
0.994661
0.993996
0.993912
0.993992
0.994956
0.993367
0.993996
0.994890
0.989142
0.989184
0.993193
0.991192
0.992509
0.991001
0.994888
0.994888
0.994439
0.992227
0.991208
0.994349
