138
1.000816
1.000794
1.000725
1.000826
1.000796
1.000769
1.000735
1.000759
1.000846
1.000925
1.000833
1.000968
1.000927
1.000890
1.000846
1.000877
1.000996
1.000809
1.000937
1.000899
1.000864
1.000822
1.000851
1.000962
1.000843
1.000812
1.000783
1.000749
1.000773
1.000863
1.000940
1.000903
1.000857
1.000888
1.001010
1.000867
1.000824
1.000854
1.000965
1.000795
1.000822
1.000925
1.000784
1.000877
1.000911
1.000133
1.000133
1.000133
1.000133
1.000133
1.000133
1.000133
1.000133
1.000133
1.000133
1.000170
1.000170
1.000170
1.000170
1.000170
1.000170
1.000170
1.000170
1.000170
1.000170
1.000170
1.000170
1.000170
1.000170
1.000170
1.000170
1.000170
1.000170
1.000170
1.000170
1.000170
1.000170
1.000170
1.000170
1.000170
1.000170
1.000170
1.000170
1.000170
1.000170
1.000170
1.000170
1.000170
1.000350
1.000222
1.000313
1.000561
1.000419
1.000617
1.000240
1.000533
1.000279
1.000278
1.000822
1.000331
1.000356
1.000280
1.000575
1.000216
1.000457
1.000215
1.000517
1.000333
1.000233
1.000483
1.000851
1.000293
1.000245
1.000347
1.000278
1.000288
1.000533
1.000265
1.000278
1.000394
1.000342
1.000425
1.000244
1.000239
1.000401
1.000335
1.000368
1.000661
1.000434
1.000236
1.000435
1.000294
1.000335
1.000340
1.000244
1.000246
1.000289
1.000342
