72
0.009115
0.007193
0.005144
0.009434
0.007007
0.007751
0.008749
0.007552
0.008435
0.006020
0.005567
0.009512
0.011966
0.007523
0.006960
0.006703
0.006135
0.010376
0.013121
0.007458
0.007797
0.006762
0.011016
0.008583
0.006507
0.007292
0.011506
0.007461
0.006355
0.010093
0.006861
0.008068
0.005812
0.008524
0.021875
0.007997
0.006278
0.009771
0.005735
0.007228
0.009064
0.023780
0.015123
0.007194
0.012812
0.014817
0.009003
0.007086
0.007548
0.009203
0.027207
0.016380
0.009683
0.006702
0.006338
0.006229
0.011644
0.006964
0.008506
0.012065
0.006867
0.011371
0.018438
0.006487
0.007874
0.016301
0.007285
0.008370
0.006739
0.019938
0.008370
0.009008
