72
0.212166
0.766921
0.702736
0.271981
0.523364
0.443441
0.393035
0.767450
0.300659
0.798571
0.545993
0.789683
0.429463
0.533042
0.769118
0.727097
0.779646
0.264330
0.410049
0.650856
0.510862
0.722897
0.765365
0.490094
0.634233
0.758811
0.225279
0.407938
0.723671
0.691065
0.794322
0.671930
0.889092
0.469032
0.356615
0.624699
0.588625
0.429389
0.738209
0.867617
0.344795
0.260533
0.229611
0.507075
0.426934
0.600952
0.265530
0.770775
0.561997
0.641554
0.005656
0.651674
0.601241
0.779320
0.696095
0.709792
0.338005
0.760956
0.663588
0.826960
0.807642
0.635500
0.312341
0.853448
0.574766
0.322087
0.775629
0.521283
0.783948
0.017778
0.445545
0.464559
