11,13,17,22,3,23,24_7,5,4,1,26,29,27:0.240836
9,5,17_7,10,12,18,22,3,26,23,2,25,24:0.203832
7,20,14,12,13,3,27,25_9,8,19,5,21:0.121655
20,16,18,22_8,14,3,29,27:0.540205
15,7,16,18,5,21,26_11,13,4,3,29,27:0.265482
9,8,14,22,26,2,27,25,24_15,20,16,12,3,23:0.147059
15,7,4,1,23,29_20,14,12,13,21,22,27:1
7,9,13,5,6,23,27_8,20,11,17,26:0.128754
4,6,21,17,22,2_15,9,11,12,13,5,3,29:0.63407
10,20,12,2,27,24_7,19,14,11,13,17,26,23:0.187702
9,10,11,21,22,3,27,24_15,7,16,19,14,18,13,4:0.55996
7,9,19,17_10,8,14,12,22,25:0.0591562
16,19,12,6,26,27_18,5,21,29,2:0.750492
7,20,16,5,21,22,26,27_9,11,6,2:0.235269
9,20,12,18,3_7,16,19,11,21,23,29:0.445192
15,10,11_7,9,20,19,13,22,3,2:0.494871
7,11,13,4,21,17,29,27_8,16,19,18,6,22,1,26,23,2,24:0.257742
7,20,1,26_9,10,8,11,18,13,23,29,2:1
7,18,5,17,27,24_9,10,8,12,4,6,29:0.623733
15,16,11,4,17,3,27_7,14,12,13,6,26,23:0.302748
20,16,11,18,5_15,7,9,10,19,6,23:0.311574
10,20,19,5,1_7,11,13,6,21,17,26,27:0.281365
15,7,10,19,1_9,8,16,12,18,6,17,26,23,27,25:0.152393
16,12,18,5,21,29,27_9,19,14,11,17,3,26,24:0.0845143
15,16,11,18,13,26,23,24_8,19,12,5,17,22,1,29,25:0.325223
7,10,20,19,21,3,26,29_9,23,2,27,25:0.365313
19,6,3,25_9,12,21,17,26,23:0.628863
9,11,18,4,3,26_7,16,19,21,22,23,27,24:0.529263
15,8,20,16,12,18,21,22,3,23,27_10,4,6,26:0.824349
19,11,4,6,2_10,20,14,12,18,5,17:0.307004
9,5,26_10,18,4,6,17,1,23,29,25:0.167673
19,11,21,17,23_10,20,16,5,6,22,29,27:0.252379
15,8,14,11,5,21,17,23,24_9,19,12,13,4,22,1,2,27,25:0.102131
7,8,20,4,17,26,23,29_15,13,5,21,2,27,25:0.137608
13,21,27_15,7,10,19,18,17,22,29,25,24:0.870449
15,9,10,19,14,12,4,1,24_7,11,18,17,22,23,2,27:0.265485
7,8,20,19,13,5,4,6,21,17,29,27_15,9,10,14,18,26,24:0.170703
11,13,29_7,9,8,20,12,5,4,6,21,17,22,1,26,25:0.488937
7,16,14,11,12,4,6,1,3,26,23,24_10,8,18:0.144993
9,8,12,13,6,17,26,2_7,10,16,14,11,18,5,22,23,27,25,24:0.703517
10,8,16,13,6,21,1,29,27,25_15,20,19,14,18,22,23:0.195951
6,21,22,1,23,2_15,7,9,8,14,18,13,5,17,26,29:1
10,19,11,6,22,23,2_15,17,29,27,24:0.618359
15,14,13,17,29_7,10,20,16,4,21,3,26:0.253612
18,21,23,24_20,16,5,17,3,26:0.3635
16,6_15,7,20,13,25:0.336378
15,5,6,25_9,10,8,20,17,23,2:0.0936776
9,11,13,2_15,7,10,8,16,4,21,22,3,26,29:0.285672
9,8,6,21,17,3,26,23,29,2_20,19,11,13,5,1,27,25,24:0.384088
7,14,12,1_15,18,4,6,26,23,2,27,24:0.342741
10,8,16,13,6,21,22,1,23,29,2,24_27,25:1
8,14,13,21,22,29,2_7,10,19,11,12,18,6,1,26,23,27,24:0.500651
15,11,4,21,1,26,27_7,10,20,12,6,3:0.32608
15,7,19,12,13,5,17,23,29,24_10,8,20,16,6,27:0.132135
11,6,21,2,25_15,8,13,4,17,3,26:0.24339
15,8,20,16,5,1,26,23,25_10,12,13,6,29,24:0.234493
16,14_15,10,6,22,3,29,24:0.393137
15,10,12,4,6,22,23,24_19,14,11,18,13,21,1,3,2,25:0.19587
11,18,1,23,29,2_15,20,16,19,12,13,6,21,27,24:0.444659
8,11,12,13,6,21,17,29_7,10,20,14,18,22,2,25,24:0.157684
15,10,12,13,6,3_7,8,19,11,18,4,21,22,23,2:0.137491
7,9,16,12,5,6,21,22,23,2,27,25_8,14,18,4,1,3,29:0.354386
15,9,20,19,14,4,6,17,23,27_13,22,26,29:1
15,10,8,19,12,13,1,29_9,20,11,6,21,17,22,3,25:0.139989
13,4,6,25_8,11,5,21,22,27:0.104609
7,10,8,20,13,4,21,22_6,17,1,29,27,25,24:0.97464
9,16,11,18_7,10,19,14,5,24:0.297351
7,8,12,24_19,14,6,17,23,2,27:0.176439
10,20,12,5,23,25_9,16,6,21,17,29,2,27:0.192939
20,19,14,11,13,22,3_1,2,25,24:1
7,9,10,8,13,6,23,27,24_15,11,5,21,17,25:0.213359
16,19,18,13,4,22,1,2,27_7,14,5,29:0.861783
