72
0.195236
0.057877
0.528844
0.029691
0.036663
0.531739
0.011372
0.369079
0.021416
0.061258
0.021797
1.655993
0.017234
0.054858
0.020474
0.021050
0.039388
0.017820
0.040584
0.039122
0.079174
0.037966
0.411715
0.539696
0.030403
0.026428
0.034400
0.018413
0.014510
0.046428
0.067847
0.043465
0.374427
0.520738
0.030692
0.113350
0.489043
0.080942
0.502275
0.019778
0.404002
0.036322
0.052825
0.052482
0.049976
0.057972
1.922670
0.043580
0.030829
0.034992
0.207948
0.042482
0.049520
0.463895
0.040079
0.097376
0.053920
0.096495
0.025366
0.275028
0.479515
0.047964
0.017720
0.420168
0.510581
0.022262
0.033075
0.396008
0.059232
0.052160
0.503056
0.011792
