1,2,7,9,10_0,3,4,5,6,8:0.873683:1,2,7,9,10_0,3,4,5,6,8:0.833146
1,3,5,6,10_0,2,4,7,8,9:1:1,3,5,6,10_0,2,4,7,8,9:0.928987
0,3,4,6,7_1,2,5,8,9,10:0.834956:0,3,4,6,7_1,2,5,8,9,10:0.799098
0,1,3,7,8_2,4,5,6,9,10:0.916526:0,1,3,7,8_2,4,5,6,9,10:0.865161
3,5,6,8,10_0,1,2,4,7,9:0.83377:3,5,6,8,10_0,1,2,4,7,9:0.812621
4,5,8,9,10_0,1,2,3,6,7:1:4,5,8,9,10_0,1,2,3,6,7:0.964342
3,4,8,9,10_0,1,2,5,6,7:0.867916:3,4,8,9,10_0,1,2,5,6,7:0.841437
0,2,3,8,9_1,4,5,6,7,10:0.867619:0,2,3,8,9_1,4,5,6,7,10:0.842237
0,1,2,3,6_4,5,7,8,9,10:1:0,1,2,3,6_4,5,7,8,9,10:0.981708
2,6,8,9,10_0,1,3,4,5,7:0.916942:2,6,8,9,10_0,1,3,4,5,7:0.870994
2,4,6,8,9_0,1,3,5,7,10:0.719008:2,4,6,8,9_0,1,3,5,7,10:0.701719
0,3,7,9,10_1,2,4,5,6,8:0.823048:0,3,7,9,10_1,2,4,5,6,8:0.782685
0,2,4,9,10_1,3,5,6,7,8:0.748467:0,2,4,9,10_1,3,5,6,7,8:0.689869
0,1,2,8,10_3,4,5,6,7,9:0.992652:0,1,2,8,10_3,4,5,6,7,9:0.948405
0,1,2,3,8_4,5,6,7,9,10:0.976224:0,1,2,3,8_4,5,6,7,9,10:0.881908
2,6,7,8,10_0,1,3,4,5,9:0.928229:2,6,7,8,10_0,1,3,4,5,9:0.881334
1,3,5,7,9_0,2,4,6,8,10:0.709229:1,3,5,7,9_0,2,4,6,8,10:0.683849
2,3,5,7,9_0,1,4,6,8,10:0.796369:2,3,5,7,9_0,1,4,6,8,10:0.766106
3,4,6,7,8_0,1,2,5,9,10:0.862793:3,4,6,7,8_0,1,2,5,9,10:0.819257
0,1,3,6,10_2,4,5,7,8,9:0.904281:0,1,3,6,10_2,4,5,7,8,9:0.848648
0,3,6,9,10_1,2,4,5,7,8:0.88037:0,3,6,9,10_1,2,4,5,7,8:0.819087
1,2,4,5,8_0,3,6,7,9,10:0.934131:1,2,4,5,8_0,3,6,7,9,10:0.871752
0,1,5,8,9_2,3,4,6,7,10:0.776851:0,1,5,8,9_2,3,4,6,7,10:0.760678
4,5,6,7,8_0,1,2,3,9,10:1:4,5,6,7,8_0,1,2,3,9,10:0.830302
1,2,5,6,9_0,3,4,7,8,10:0.829307:1,2,5,6,9_0,3,4,7,8,10:0.781043
0,3,5,9,10_1,2,4,6,7,8:0.760837:0,3,5,9,10_1,2,4,6,7,8:0.71076
0,3,5,7,9_1,2,4,6,8,10:0.773429:0,3,5,7,9_1,2,4,6,8,10:0.743039
0,3,6,8,9_1,2,4,5,7,10:0.774644:0,3,6,8,9_1,2,4,5,7,10:0.754595
2,3,4,8,9_0,1,5,6,7,10:0.763661:2,3,4,8,9_0,1,5,6,7,10:0.735396
1,2,4,9,10_0,3,5,6,7,8:0.91325:1,2,4,9,10_0,3,5,6,7,8:0.860019
0,1,5,8,10_2,3,4,6,7,9:0.74954:0,1,5,8,10_2,3,4,6,7,9:0.732217
1,3,4,8,9_0,2,5,6,7,10:0.672143:1,3,4,8,9_0,2,5,6,7,10:0.649724
1,3,4,6,10_0,2,5,7,8,9:0.826561:1,3,4,6,10_0,2,5,7,8,9:0.746671
1,3,8,9,10_0,2,4,5,6,7:0.719071:1,3,8,9,10_0,2,4,5,6,7:0.685105
1,3,4,5,6_0,2,7,8,9,10:1:1,3,4,5,6_0,2,7,8,9,10:0.977275
