9,10,16,11,12,5,4,6,21,22,26,29,2,25_15,7,8,20,19,14,18,13,17,1,3,23,27,24:0.939933:9,10,16,11,12,5,4,6,21,22,26,29,2,25_15,7,8,20,19,14,18,13,17,1,3,23,27,24:0.939933:9,10,16,11,12,5,4,6,21,22,26,29,2,25_15,7,8,20,19,14,18,13,17,1,3,23,27,24:0.00216983:9,10,16,11,12,5,4,6,21,22,26,29,2,25_15,7,8,20,19,14,18,13,17,1,3,23,27,24:0.00153012
7,8,20,14,18,13,17,22,1,3,26,29,27,25_15,9,10,16,19,11,12,5,4,6,21,23,2,24:0.950069:7,8,20,14,18,13,17,22,1,3,26,29,27,25_15,9,10,16,19,11,12,5,4,6,21,23,2,24:0.950069:7,8,20,14,18,13,17,22,1,3,26,29,27,25_15,9,10,16,19,11,12,5,4,6,21,23,2,24:0.00219323:7,8,20,14,18,13,17,22,1,3,26,29,27,25_15,9,10,16,19,11,12,5,4,6,21,23,2,24:0.00155224
15,19,14,12,18,13,5,6,21,17,22,1,3,29_7,9,10,8,20,16,11,4,26,23,2,27,25,24:0.971363:15,19,14,12,18,13,5,6,21,17,22,1,3,29_7,9,10,8,20,16,11,4,26,23,2,27,25,24:0.971363:15,19,14,12,18,13,5,6,21,17,22,1,3,29_7,9,10,8,20,16,11,4,26,23,2,27,25,24:0.00251542:15,19,14,12,18,13,5,6,21,17,22,1,3,29_7,9,10,8,20,16,11,4,26,23,2,27,25,24:0.00165079
15,10,8,20,16,14,11,12,17,22,1,23,27,25_7,9,19,18,13,5,4,6,21,3,26,29,2,24:0.939749:15,10,8,20,16,14,11,12,17,22,1,23,27,25_7,9,19,18,13,5,4,6,21,3,26,29,2,24:0.939749:15,10,8,20,16,14,11,12,17,22,1,23,27,25_7,9,19,18,13,5,4,6,21,3,26,29,2,24:0.0021694:15,10,8,20,16,14,11,12,17,22,1,23,27,25_7,9,19,18,13,5,4,6,21,3,26,29,2,24:0.00152517
15,7,20,16,11,12,18,13,4,6,1,3,29,24_9,10,8,19,14,5,21,17,22,26,23,2,27,25:0.929852:15,7,20,16,11,12,18,13,4,6,1,3,29,24_9,10,8,19,14,5,21,17,22,26,23,2,27,25:0.929852:15,7,20,16,11,12,18,13,4,6,1,3,29,24_9,10,8,19,14,5,21,17,22,26,23,2,27,25:0.00214656:15,7,20,16,11,12,18,13,4,6,1,3,29,24_9,10,8,19,14,5,21,17,22,26,23,2,27,25:0.00148567
7,9,10,16,11,12,18,5,4,6,17,3,23,2_15,8,20,19,14,13,21,22,1,26,29,27,25,24:0.970584:7,9,10,16,11,12,18,5,4,6,17,3,23,2_15,8,20,19,14,13,21,22,1,26,29,27,25,24:0.970584:7,9,10,16,11,12,18,5,4,6,17,3,23,2_15,8,20,19,14,13,21,22,1,26,29,27,25,24:0.00247408:7,9,10,16,11,12,18,5,4,6,17,3,23,2_15,8,20,19,14,13,21,22,1,26,29,27,25,24:0.00164163
15,9,10,8,19,14,11,4,6,22,1,23,2,24_7,20,16,12,18,13,5,21,17,3,26,29,27,25:0.939975:15,9,10,8,19,14,11,4,6,22,1,23,2,24_7,20,16,12,18,13,5,21,17,3,26,29,27,25:0.939975:15,9,10,8,19,14,11,4,6,22,1,23,2,24_7,20,16,12,18,13,5,21,17,3,26,29,27,25:0.00221884:15,9,10,8,19,14,11,4,6,22,1,23,2,24_7,20,16,12,18,13,5,21,17,3,26,29,27,25:0.00155569
7,9,10,16,19,11,12,18,13,4,1,26,23,25_15,8,20,14,5,6,21,17,22,3,29,2,27,24:0.939342:7,9,10,16,19,11,12,18,13,4,1,26,23,25_15,8,20,14,5,6,21,17,22,3,29,2,27,24:0.939342:7,9,10,16,19,11,12,18,13,4,1,26,23,25_15,8,20,14,5,6,21,17,22,3,29,2,27,24:0.00222525:7,9,10,16,19,11,12,18,13,4,1,26,23,25_15,8,20,14,5,6,21,17,22,3,29,2,27,24:0.00155613
15,7,9,8,20,14,12,5,21,1,3,23,2,27_10,16,19,11,18,13,4,6,17,22,26,29,25,24:0.929809:15,7,9,8,20,14,12,5,21,1,3,23,2,27_10,16,19,11,18,13,4,6,17,22,26,29,25,24:0.929809:15,7,9,8,20,14,12,5,21,1,3,23,2,27_10,16,19,11,18,13,4,6,17,22,26,29,25,24:0.00214646:15,7,9,8,20,14,12,5,21,1,3,23,2,27_10,16,19,11,18,13,4,6,17,22,26,29,25,24:0.00148455
15,7,10,20,18,4,6,21,17,22,3,2,27,25_9,8,16,19,14,11,12,13,5,1,26,23,29,24:0.929683:15,7,10,20,18,4,6,21,17,22,3,2,27,25_9,8,16,19,14,11,12,13,5,1,26,23,29,24:0.929683:15,7,10,20,18,4,6,21,17,22,3,2,27,25_9,8,16,19,14,11,12,13,5,1,26,23,29,24:0.00214617:15,7,10,20,18,4,6,21,17,22,3,2,27,25_9,8,16,19,14,11,12,13,5,1,26,23,29,24:0.00149178
15,9,8,20,19,14,11,18,13,5,17,3,27,25_7,10,16,12,4,6,21,22,1,26,23,29,2,24:0.919374:15,9,8,20,19,14,11,18,13,5,17,3,27,25_7,10,16,12,4,6,21,22,1,26,23,29,2,24:0.919374:15,9,8,20,19,14,11,18,13,5,17,3,27,25_7,10,16,12,4,6,21,22,1,26,23,29,2,24:0.00212237:15,9,8,20,19,14,11,18,13,5,17,3,27,25_7,10,16,12,4,6,21,22,1,26,23,29,2,24:0.00146008
7,9,19,11,18,13,4,6,17,1,3,26,29,24_15,10,8,20,16,14,12,5,21,22,23,2,27,25:0.919572:7,9,19,11,18,13,4,6,17,1,3,26,29,24_15,10,8,20,16,14,12,5,21,22,23,2,27,25:0.919572:7,9,19,11,18,13,4,6,17,1,3,26,29,24_15,10,8,20,16,14,12,5,21,22,23,2,27,25:0.00212283:7,9,19,11,18,13,4,6,17,1,3,26,29,24_15,10,8,20,16,14,12,5,21,22,23,2,27,25:0.00143973
15,16,19,14,11,12,13,4,6,21,17,22,23,29_7,9,10,8,20,18,5,1,3,26,2,27,25,24:0.940063:15,16,19,14,11,12,13,4,6,21,17,22,23,29_7,9,10,8,20,18,5,1,3,26,2,27,25,24:0.940063:15,16,19,14,11,12,13,4,6,21,17,22,23,29_7,9,10,8,20,18,5,1,3,26,2,27,25,24:0.00217013:15,16,19,14,11,12,13,4,6,21,17,22,23,29_7,9,10,8,20,18,5,1,3,26,2,27,25,24:0.00154435
15,7,9,10,14,11,12,18,4,21,26,23,29,25_8,20,16,19,13,5,6,17,22,1,3,2,27,24:0.939321:15,7,9,10,14,11,12,18,4,21,26,23,29,25_8,20,16,19,13,5,6,17,22,1,3,2,27,24:0.939321:15,7,9,10,14,11,12,18,4,21,26,23,29,25_8,20,16,19,13,5,6,17,22,1,3,2,27,24:0.00216842:15,7,9,10,14,11,12,18,4,21,26,23,29,25_8,20,16,19,13,5,6,17,22,1,3,2,27,24:0.00154357
7,9,10,20,19,11,5,17,1,3,26,23,29,25_15,8,16,14,12,18,13,4,6,21,22,2,27,24:0.919238:7,9,10,20,19,11,5,17,1,3,26,23,29,25_15,8,16,14,12,18,13,4,6,21,22,2,27,24:0.919238:7,9,10,20,19,11,5,17,1,3,26,23,29,25_15,8,16,14,12,18,13,4,6,21,22,2,27,24:0.00212205:7,9,10,20,19,11,5,17,1,3,26,23,29,25_15,8,16,14,12,18,13,4,6,21,22,2,27,24:0.00144989
9,16,11,12,13,4,6,17,22,3,23,29,27,25_15,7,10,8,20,19,14,18,5,21,1,26,2,24:0.919658:9,16,11,12,13,4,6,17,22,3,23,29,27,25_15,7,10,8,20,19,14,18,5,21,1,26,2,24:0.919658:9,16,11,12,13,4,6,17,22,3,23,29,27,25_15,7,10,8,20,19,14,18,5,21,1,26,2,24:0.00212303:9,16,11,12,13,4,6,17,22,3,23,29,27,25_15,7,10,8,20,19,14,18,5,21,1,26,2,24:0.00143839
8,20,19,14,11,12,13,5,3,23,29,2,25,24_15,7,9,10,16,18,4,6,21,17,22,1,26,27:0.919374:8,20,19,14,11,12,13,5,3,23,29,2,25,24_15,7,9,10,16,18,4,6,21,17,22,1,26,27:0.919374:8,20,19,14,11,12,13,5,3,23,29,2,25,24_15,7,9,10,16,18,4,6,21,17,22,1,26,27:0.00212237:8,20,19,14,11,12,13,5,3,23,29,2,25,24_15,7,9,10,16,18,4,6,21,17,22,1,26,27:0.00143978
9,10,20,14,11,12,13,4,6,17,22,3,29,2_15,7,8,16,19,18,5,21,1,26,23,27,25,24:0.938942:9,10,20,14,11,12,13,4,6,17,22,3,29,2_15,7,8,16,19,18,5,21,1,26,23,27,25,24:0.938942:9,10,20,14,11,12,13,4,6,17,22,3,29,2_15,7,8,16,19,18,5,21,1,26,23,27,25,24:0.00225977:9,10,20,14,11,12,13,4,6,17,22,3,29,2_15,7,8,16,19,18,5,21,1,26,23,27,25,24:0.00156229
15,10,16,14,11,18,13,6,21,22,23,29,2,27_7,9,8,20,19,12,5,4,17,1,3,26,25,24:0.940151:15,10,16,14,11,18,13,6,21,22,23,29,2,27_7,9,8,20,19,12,5,4,17,1,3,26,25,24:0.940151:15,10,16,14,11,18,13,6,21,22,23,29,2,27_7,9,8,20,19,12,5,4,17,1,3,26,25,24:0.00217033:15,10,16,14,11,18,13,6,21,22,23,29,2,27_7,9,8,20,19,12,5,4,17,1,3,26,25,24:0.00151239
9,20,11,12,5,4,21,17,22,1,3,26,27,25_15,7,10,8,16,19,14,18,13,6,23,29,2,24:0.94049:9,20,11,12,5,4,21,17,22,1,3,26,27,25_15,7,10,8,16,19,14,18,13,6,23,29,2,24:0.94049:9,20,11,12,5,4,21,17,22,1,3,26,27,25_15,7,10,8,16,19,14,18,13,6,23,29,2,24:0.00217112:9,20,11,12,5,4,21,17,22,1,3,26,27,25_15,7,10,8,16,19,14,18,13,6,23,29,2,24:0.00150612
15,7,8,11,12,13,4,21,22,1,26,23,2,25_9,10,20,16,19,14,18,5,6,17,3,29,27,24:0.919447:15,7,8,11,12,13,4,21,22,1,26,23,2,25_9,10,20,16,19,14,18,5,6,17,3,29,27,24:0.919447:15,7,8,11,12,13,4,21,22,1,26,23,2,25_9,10,20,16,19,14,18,5,6,17,3,29,27,24:0.00212254:15,7,8,11,12,13,4,21,22,1,26,23,2,25_9,10,20,16,19,14,18,5,6,17,3,29,27,24:0.00143298
7,10,20,12,18,13,17,22,1,3,26,29,2,25_15,9,8,16,19,14,11,5,4,6,21,23,27,24:0.919366:7,10,20,12,18,13,17,22,1,3,26,29,2,25_15,9,8,16,19,14,11,5,4,6,21,23,27,24:0.919366:7,10,20,12,18,13,17,22,1,3,26,29,2,25_15,9,8,16,19,14,11,5,4,6,21,23,27,24:0.00212235:7,10,20,12,18,13,17,22,1,3,26,29,2,25_15,9,8,16,19,14,11,5,4,6,21,23,27,24:0.00145061
15,7,9,8,16,14,11,12,18,17,22,1,2,24_10,20,19,13,5,4,6,21,3,26,23,29,27,25:0.950421:15,7,9,8,16,14,11,12,18,17,22,1,2,24_10,20,19,13,5,4,6,21,3,26,23,29,27,25:0.950421:15,7,9,8,16,14,11,12,18,17,22,1,2,24_10,20,19,13,5,4,6,21,3,26,23,29,27,25:0.00219404:15,7,9,8,16,14,11,12,18,17,22,1,2,24_10,20,19,13,5,4,6,21,3,26,23,29,27,25:0.00156011
8,20,16,14,11,4,6,17,22,3,26,23,29,27_15,7,9,10,19,12,18,13,5,21,1,2,25,24:0.919405:8,20,16,14,11,4,6,17,22,3,26,23,29,27_15,7,9,10,19,12,18,13,5,21,1,2,25,24:0.919405:8,20,16,14,11,4,6,17,22,3,26,23,29,27_15,7,9,10,19,12,18,13,5,21,1,2,25,24:0.00212244:8,20,16,14,11,4,6,17,22,3,26,23,29,27_15,7,9,10,19,12,18,13,5,21,1,2,25,24:0.00143376
8,20,19,14,12,6,21,17,22,3,26,2,25,24_15,7,9,10,16,11,18,13,5,4,1,23,29,27:0.929235:8,20,19,14,12,6,21,17,22,3,26,2,25,24_15,7,9,10,16,11,18,13,5,4,1,23,29,27:0.929235:8,20,19,14,12,6,21,17,22,3,26,2,25,24_15,7,9,10,16,11,18,13,5,4,1,23,29,27:0.00214513:8,20,19,14,12,6,21,17,22,3,26,2,25,24_15,7,9,10,16,11,18,13,5,4,1,23,29,27:0.00148704
15,7,10,8,20,5,6,22,26,23,29,2,27,25_9,16,19,14,11,12,18,13,4,21,17,1,3,24:0.961026:15,7,10,8,20,5,6,22,26,23,29,2,27,25_9,16,19,14,11,12,18,13,4,21,17,1,3,24:0.961026:15,7,10,8,20,5,6,22,26,23,29,2,27,25_9,16,19,14,11,12,18,13,4,21,17,1,3,24:0.00221852:15,7,10,8,20,5,6,22,26,23,29,2,27,25_9,16,19,14,11,12,18,13,4,21,17,1,3,24:0.00157424
15,7,10,8,16,19,12,13,5,4,17,1,3,2_9,20,14,11,18,6,21,22,26,23,29,27,25,24:0.919555:15,7,10,8,16,19,12,13,5,4,17,1,3,2_9,20,14,11,18,6,21,22,26,23,29,27,25,24:0.919555:15,7,10,8,16,19,12,13,5,4,17,1,3,2_9,20,14,11,18,6,21,22,26,23,29,27,25,24:0.00212279:15,7,10,8,16,19,12,13,5,4,17,1,3,2_9,20,14,11,18,6,21,22,26,23,29,27,25,24:0.00144192
20,14,11,18,5,6,21,1,3,26,23,29,2,24_15,7,9,10,8,16,19,12,13,4,17,22,27,25:0.961108:20,14,11,18,5,6,21,1,3,26,23,29,2,24_15,7,9,10,8,16,19,12,13,4,17,22,27,25:0.961108:20,14,11,18,5,6,21,1,3,26,23,29,2,24_15,7,9,10,8,16,19,12,13,4,17,22,27,25:0.00239536:20,14,11,18,5,6,21,1,3,26,23,29,2,24_15,7,9,10,8,16,19,12,13,4,17,22,27,25:0.00161514
7,9,14,12,18,13,5,4,6,21,17,3,27,25_15,10,8,20,16,19,11,22,1,26,23,29,2,24:0.94036:7,9,14,12,18,13,5,4,6,21,17,3,27,25_15,10,8,20,16,19,11,22,1,26,23,29,2,24:0.94036:7,9,14,12,18,13,5,4,6,21,17,3,27,25_15,10,8,20,16,19,11,22,1,26,23,29,2,24:0.00217082:7,9,14,12,18,13,5,4,6,21,17,3,27,25_15,10,8,20,16,19,11,22,1,26,23,29,2,24:0.00149699
7,9,10,20,19,14,18,5,3,26,29,27,25,24_15,8,16,11,12,13,4,6,21,17,22,1,23,2:0.908828:7,9,10,20,19,14,18,5,3,26,29,27,25,24_15,8,16,11,12,13,4,6,21,17,22,1,23,2:0.908828:7,9,10,20,19,14,18,5,3,26,29,27,25,24_15,8,16,11,12,13,4,6,21,17,22,1,23,2:0.00209802:7,9,10,20,19,14,18,5,3,26,29,27,25,24_15,8,16,11,12,13,4,6,21,17,22,1,23,2:0.00141332
9,10,20,16,19,11,12,13,21,22,1,2,27,25_15,7,8,14,18,5,4,6,17,3,26,23,29,24:0.98124:9,10,20,16,19,11,12,13,21,22,1,2,27,25_15,7,8,14,18,5,4,6,17,3,26,23,29,24:0.98124:9,10,20,16,19,11,12,13,21,22,1,2,27,25_15,7,8,14,18,5,4,6,17,3,26,23,29,24:0.00276059:9,10,20,16,19,11,12,13,21,22,1,2,27,25_15,7,8,14,18,5,4,6,17,3,26,23,29,24:0.00170994
7,9,8,16,18,5,6,21,17,22,3,23,29,24_15,10,20,19,14,11,12,13,4,1,26,2,27,25:0.971269:7,9,8,16,18,5,6,21,17,22,3,23,29,24_15,10,20,19,14,11,12,13,4,1,26,2,27,25:0.971269:7,9,8,16,18,5,6,21,17,22,3,23,29,24_15,10,20,19,14,11,12,13,4,1,26,2,27,25:0.0024807:7,9,8,16,18,5,6,21,17,22,3,23,29,24_15,10,20,19,14,11,12,13,4,1,26,2,27,25:0.00164351
7,8,16,11,12,13,5,4,21,22,23,29,2,27_15,9,10,20,19,14,18,6,17,1,3,26,25,24:0.919458:7,8,16,11,12,13,5,4,21,22,23,29,2,27_15,9,10,20,19,14,18,6,17,1,3,26,25,24:0.919458:7,8,16,11,12,13,5,4,21,22,23,29,2,27_15,9,10,20,19,14,18,6,17,1,3,26,25,24:0.00212256:7,8,16,11,12,13,5,4,21,22,23,29,2,27_15,9,10,20,19,14,18,6,17,1,3,26,25,24:0.00143542
7,8,18,13,5,4,17,22,1,26,23,2,27,25_15,9,10,20,16,19,14,11,12,6,21,3,29,24:0.939372:7,8,18,13,5,4,17,22,1,26,23,2,27,25_15,9,10,20,16,19,14,11,12,6,21,3,29,24:0.939372:7,8,18,13,5,4,17,22,1,26,23,2,27,25_15,9,10,20,16,19,14,11,12,6,21,3,29,24:0.00216853:7,8,18,13,5,4,17,22,1,26,23,2,27,25_15,9,10,20,16,19,14,11,12,6,21,3,29,24:0.00154461
7,9,8,14,18,5,4,6,21,17,29,27,25,24_15,10,20,16,19,11,12,13,22,1,3,26,23,2:0.971389:7,9,8,14,18,5,4,6,21,17,29,27,25,24_15,10,20,16,19,11,12,13,22,1,3,26,23,2:0.971389:7,9,8,14,18,5,4,6,21,17,29,27,25,24_15,10,20,16,19,11,12,13,22,1,3,26,23,2:0.00251884:7,9,8,14,18,5,4,6,21,17,29,27,25,24_15,10,20,16,19,11,12,13,22,1,3,26,23,2:0.00165103
9,10,8,19,11,12,18,1,3,26,29,2,27,25_15,7,20,16,14,13,5,4,6,21,17,22,23,24:0.971442:9,10,8,19,11,12,18,1,3,26,29,2,27,25_15,7,20,16,14,13,5,4,6,21,17,22,23,24:0.971442:9,10,8,19,11,12,18,1,3,26,29,2,27,25_15,7,20,16,14,13,5,4,6,21,17,22,23,24:0.00272988:9,10,8,19,11,12,18,1,3,26,29,2,27,25_15,7,20,16,14,13,5,4,6,21,17,22,23,24:0.00169269
15,10,20,19,11,12,18,17,3,26,29,27,25,24_7,9,8,16,14,13,5,4,6,21,22,1,23,2:0.97146:15,10,20,19,11,12,18,17,3,26,29,27,25,24_7,9,8,16,14,13,5,4,6,21,22,1,23,2:0.97146:15,10,20,19,11,12,18,17,3,26,29,27,25,24_7,9,8,16,14,13,5,4,6,21,22,1,23,2:0.00242984:15,10,20,19,11,12,18,17,3,26,29,27,25,24_7,9,8,16,14,13,5,4,6,21,22,1,23,2:0.00163376
15,20,16,19,5,4,6,21,1,3,26,29,2,24_7,9,10,8,14,11,12,18,13,17,22,23,27,25:1:15,20,16,19,5,4,6,21,1,3,26,29,2,24_7,9,10,8,14,11,12,18,13,17,22,23,27,25:1:15,20,16,19,5,4,6,21,1,3,26,29,2,24_7,9,10,8,14,11,12,18,13,17,22,23,27,25:0.00436244:15,20,16,19,5,4,6,21,1,3,26,29,2,24_7,9,10,8,14,11,12,18,13,17,22,23,27,25:0.00204579
9,8,20,16,19,14,11,12,5,4,22,23,29,25_15,7,10,18,13,6,21,17,1,3,26,2,27,24:0.929788:9,8,20,16,19,14,11,12,5,4,22,23,29,25_15,7,10,18,13,6,21,17,1,3,26,2,27,24:0.929788:9,8,20,16,19,14,11,12,5,4,22,23,29,25_15,7,10,18,13,6,21,17,1,3,26,2,27,24:0.00214641:9,8,20,16,19,14,11,12,5,4,22,23,29,25_15,7,10,18,13,6,21,17,1,3,26,2,27,24:0.00147278
15,7,9,20,14,11,12,13,17,22,3,26,23,27_10,8,16,19,18,5,4,6,21,1,29,2,25,24:0.919397:15,7,9,20,14,11,12,13,17,22,3,26,23,27_10,8,16,19,18,5,4,6,21,1,29,2,25,24:0.919397:15,7,9,20,14,11,12,13,17,22,3,26,23,27_10,8,16,19,18,5,4,6,21,1,29,2,25,24:0.00212242:15,7,9,20,14,11,12,13,17,22,3,26,23,27_10,8,16,19,18,5,4,6,21,1,29,2,25,24:0.00145191
10,8,20,16,12,18,4,6,17,3,23,2,27,25_15,7,9,19,14,11,13,5,21,22,1,26,29,24:0.909033:10,8,20,16,12,18,4,6,17,3,23,2,27,25_15,7,9,19,14,11,13,5,21,22,1,26,29,24:0.909033:10,8,20,16,12,18,4,6,17,3,23,2,27,25_15,7,9,19,14,11,13,5,21,22,1,26,29,24:0.0020985:10,8,20,16,12,18,4,6,17,3,23,2,27,25_15,7,9,19,14,11,13,5,21,22,1,26,29,24:0.00140573
7,9,20,16,14,12,18,13,5,4,21,22,2,27_15,10,8,19,11,6,17,1,3,26,23,29,25,24:0.898521:7,9,20,16,14,12,18,13,5,4,21,22,2,27_15,10,8,19,11,6,17,1,3,26,23,29,25,24:0.898521:7,9,20,16,14,12,18,13,5,4,21,22,2,27_15,10,8,19,11,6,17,1,3,26,23,29,25,24:0.00207423:7,9,20,16,14,12,18,13,5,4,21,22,2,27_15,10,8,19,11,6,17,1,3,26,23,29,25,24:0.00139279
15,8,19,12,18,5,4,6,17,22,26,23,2,27_7,9,10,20,16,14,11,13,21,1,3,29,25,24:0.940068:15,8,19,12,18,5,4,6,17,22,26,23,2,27_7,9,10,20,16,14,11,13,21,1,3,29,25,24:0.940068:15,8,19,12,18,5,4,6,17,22,26,23,2,27_7,9,10,20,16,14,11,13,21,1,3,29,25,24:0.00217014:15,8,19,12,18,5,4,6,17,22,26,23,2,27_7,9,10,20,16,14,11,13,21,1,3,29,25,24:0.00151623
15,7,16,19,14,11,12,18,13,5,3,27,25,24_9,10,8,20,4,6,21,17,22,1,26,23,29,2:0.919304:15,7,16,19,14,11,12,18,13,5,3,27,25,24_9,10,8,20,4,6,21,17,22,1,26,23,29,2:0.919304:15,7,16,19,14,11,12,18,13,5,3,27,25,24_9,10,8,20,4,6,21,17,22,1,26,23,29,2:0.00212221:15,7,16,19,14,11,12,18,13,5,3,27,25,24_9,10,8,20,4,6,21,17,22,1,26,23,29,2:0.00145842
7,20,19,11,12,13,4,21,17,26,23,29,2,25_15,9,10,8,16,14,18,5,6,22,1,3,27,24:0.919375:7,20,19,11,12,13,4,21,17,26,23,29,2,25_15,9,10,8,16,14,18,5,6,22,1,3,27,24:0.919375:7,20,19,11,12,13,4,21,17,26,23,29,2,25_15,9,10,8,16,14,18,5,6,22,1,3,27,24:0.00212237:7,20,19,11,12,13,4,21,17,26,23,29,2,25_15,9,10,8,16,14,18,5,6,22,1,3,27,24:0.00146741
7,9,10,19,14,11,12,13,4,22,1,3,26,2_15,8,20,16,18,5,6,21,17,23,29,27,25,24:0.9391:7,9,10,19,14,11,12,13,4,22,1,3,26,2_15,8,20,16,18,5,6,21,17,23,29,27,25,24:0.9391:7,9,10,19,14,11,12,13,4,22,1,3,26,2_15,8,20,16,18,5,6,21,17,23,29,27,25,24:0.00227985:7,9,10,19,14,11,12,13,4,22,1,3,26,2_15,8,20,16,18,5,6,21,17,23,29,27,25,24:0.00156644
15,7,9,10,8,16,19,11,5,4,21,3,2,25_20,14,12,18,13,6,17,22,1,26,23,29,27,24:0.971203:15,7,9,10,8,16,19,11,5,4,21,3,2,25_20,14,12,18,13,6,17,22,1,26,23,29,27,24:0.971203:15,7,9,10,8,16,19,11,5,4,21,3,2,25_20,14,12,18,13,6,17,22,1,26,23,29,27,24:0.00268774:15,7,9,10,8,16,19,11,5,4,21,3,2,25_20,14,12,18,13,6,17,22,1,26,23,29,27,24:0.00168407
15,7,20,11,12,13,5,4,1,26,23,29,2,25_9,10,8,16,19,14,18,6,21,17,22,3,27,24:0.919446:15,7,20,11,12,13,5,4,1,26,23,29,2,25_9,10,8,16,19,14,18,6,21,17,22,3,27,24:0.919446:15,7,20,11,12,13,5,4,1,26,23,29,2,25_9,10,8,16,19,14,18,6,21,17,22,3,27,24:0.00212254:15,7,20,11,12,13,5,4,1,26,23,29,2,25_9,10,8,16,19,14,18,6,21,17,22,3,27,24:0.00145564
