48
9,10,16,11,12,5,4,6,21,22,26,29,2,25_15,7,8,20,19,14,18,13,17,1,3,23,27,24
7,8,20,14,18,13,17,22,1,3,26,29,27,25_15,9,10,16,19,11,12,5,4,6,21,23,2,24
15,19,14,12,18,13,5,6,21,17,22,1,3,29_7,9,10,8,20,16,11,4,26,23,2,27,25,24
15,10,8,20,16,14,11,12,17,22,1,23,27,25_7,9,19,18,13,5,4,6,21,3,26,29,2,24
15,7,20,16,11,12,18,13,4,6,1,3,29,24_9,10,8,19,14,5,21,17,22,26,23,2,27,25
7,9,10,16,11,12,18,5,4,6,17,3,23,2_15,8,20,19,14,13,21,22,1,26,29,27,25,24
15,9,10,8,19,14,11,4,6,22,1,23,2,24_7,20,16,12,18,13,5,21,17,3,26,29,27,25
7,9,10,16,19,11,12,18,13,4,1,26,23,25_15,8,20,14,5,6,21,17,22,3,29,2,27,24
15,7,9,8,20,14,12,5,21,1,3,23,2,27_10,16,19,11,18,13,4,6,17,22,26,29,25,24
15,7,10,20,18,4,6,21,17,22,3,2,27,25_9,8,16,19,14,11,12,13,5,1,26,23,29,24
15,9,8,20,19,14,11,18,13,5,17,3,27,25_7,10,16,12,4,6,21,22,1,26,23,29,2,24
7,9,19,11,18,13,4,6,17,1,3,26,29,24_15,10,8,20,16,14,12,5,21,22,23,2,27,25
15,16,19,14,11,12,13,4,6,21,17,22,23,29_7,9,10,8,20,18,5,1,3,26,2,27,25,24
15,7,9,10,14,11,12,18,4,21,26,23,29,25_8,20,16,19,13,5,6,17,22,1,3,2,27,24
7,9,10,20,19,11,5,17,1,3,26,23,29,25_15,8,16,14,12,18,13,4,6,21,22,2,27,24
9,16,11,12,13,4,6,17,22,3,23,29,27,25_15,7,10,8,20,19,14,18,5,21,1,26,2,24
8,20,19,14,11,12,13,5,3,23,29,2,25,24_15,7,9,10,16,18,4,6,21,17,22,1,26,27
9,10,20,14,11,12,13,4,6,17,22,3,29,2_15,7,8,16,19,18,5,21,1,26,23,27,25,24
15,10,16,14,11,18,13,6,21,22,23,29,2,27_7,9,8,20,19,12,5,4,17,1,3,26,25,24
9,20,11,12,5,4,21,17,22,1,3,26,27,25_15,7,10,8,16,19,14,18,13,6,23,29,2,24
15,7,8,11,12,13,4,21,22,1,26,23,2,25_9,10,20,16,19,14,18,5,6,17,3,29,27,24
7,10,20,12,18,13,17,22,1,3,26,29,2,25_15,9,8,16,19,14,11,5,4,6,21,23,27,24
15,7,9,8,16,14,11,12,18,17,22,1,2,24_10,20,19,13,5,4,6,21,3,26,23,29,27,25
8,20,16,14,11,4,6,17,22,3,26,23,29,27_15,7,9,10,19,12,18,13,5,21,1,2,25,24
8,20,19,14,12,6,21,17,22,3,26,2,25,24_15,7,9,10,16,11,18,13,5,4,1,23,29,27
15,7,10,8,20,5,6,22,26,23,29,2,27,25_9,16,19,14,11,12,18,13,4,21,17,1,3,24
15,7,10,8,16,19,12,13,5,4,17,1,3,2_9,20,14,11,18,6,21,22,26,23,29,27,25,24
20,14,11,18,5,6,21,1,3,26,23,29,2,24_15,7,9,10,8,16,19,12,13,4,17,22,27,25
7,9,14,12,18,13,5,4,6,21,17,3,27,25_15,10,8,20,16,19,11,22,1,26,23,29,2,24
7,9,10,20,19,14,18,5,3,26,29,27,25,24_15,8,16,11,12,13,4,6,21,17,22,1,23,2
9,10,20,16,19,11,12,13,21,22,1,2,27,25_15,7,8,14,18,5,4,6,17,3,26,23,29,24
7,9,8,16,18,5,6,21,17,22,3,23,29,24_15,10,20,19,14,11,12,13,4,1,26,2,27,25
7,8,16,11,12,13,5,4,21,22,23,29,2,27_15,9,10,20,19,14,18,6,17,1,3,26,25,24
7,8,18,13,5,4,17,22,1,26,23,2,27,25_15,9,10,20,16,19,14,11,12,6,21,3,29,24
7,9,8,14,18,5,4,6,21,17,29,27,25,24_15,10,20,16,19,11,12,13,22,1,3,26,23,2
9,10,8,19,11,12,18,1,3,26,29,2,27,25_15,7,20,16,14,13,5,4,6,21,17,22,23,24
15,10,20,19,11,12,18,17,3,26,29,27,25,24_7,9,8,16,14,13,5,4,6,21,22,1,23,2
15,20,16,19,5,4,6,21,1,3,26,29,2,24_7,9,10,8,14,11,12,18,13,17,22,23,27,25
9,8,20,16,19,14,11,12,5,4,22,23,29,25_15,7,10,18,13,6,21,17,1,3,26,2,27,24
15,7,9,20,14,11,12,13,17,22,3,26,23,27_10,8,16,19,18,5,4,6,21,1,29,2,25,24
10,8,20,16,12,18,4,6,17,3,23,2,27,25_15,7,9,19,14,11,13,5,21,22,1,26,29,24
7,9,20,16,14,12,18,13,5,4,21,22,2,27_15,10,8,19,11,6,17,1,3,26,23,29,25,24
15,8,19,12,18,5,4,6,17,22,26,23,2,27_7,9,10,20,16,14,11,13,21,1,3,29,25,24
15,7,16,19,14,11,12,18,13,5,3,27,25,24_9,10,8,20,4,6,21,17,22,1,26,23,29,2
7,20,19,11,12,13,4,21,17,26,23,29,2,25_15,9,10,8,16,14,18,5,6,22,1,3,27,24
7,9,10,19,14,11,12,13,4,22,1,3,26,2_15,8,20,16,18,5,6,21,17,23,29,27,25,24
15,7,9,10,8,16,19,11,5,4,21,3,2,25_20,14,12,18,13,6,17,22,1,26,23,29,27,24
15,7,20,11,12,13,5,4,1,26,23,29,2,25_9,10,8,16,19,14,18,6,21,17,22,3,27,24
