0,1,9,2,3_5,4,6,7,8:0.848096:0,1,9,2,3_5,4,6,7,8:0.79104
0,4,3,6,8_5,1,9,2,7:0.672226:0,4,3,6,8_5,1,9,2,7:0.644982
0,1,9,2,7_5,4,3,6,8:0.891607:0,1,9,2,7_5,4,3,6,8:0.851393
4,1,2,3,6_5,0,9,7,8:0.75141:4,1,2,3,6_5,0,9,7,8:0.74075
5,0,4,6,7_1,9,2,3,8:0.901529:5,0,4,6,7_1,9,2,3,8:0.860664
0,1,2,3,8_5,4,9,6,7:0.87834:0,1,2,3,8_5,4,9,6,7:0.863386
5,0,4,1,9_2,3,6,7,8:0.88683:5,0,4,1,9_2,3,6,7,8:0.834477
0,4,1,7,8_5,9,2,3,6:0.864372:0,4,1,7,8_5,9,2,3,6:0.799956
0,4,1,6,7_5,9,2,3,8:0.713882:0,4,1,6,7_5,9,2,3,8:0.69549
5,0,2,6,7_4,1,9,3,8:0.907644:5,0,2,6,7_4,1,9,3,8:0.867431
0,2,6,7,8_5,4,1,9,3:0.855751:0,2,6,7,8_5,4,1,9,3:0.818586
0,4,9,7,8_5,1,2,3,6:0.95934:0,4,9,7,8_5,1,2,3,6:0.930842
4,1,3,6,8_5,0,9,2,7:0.715963:4,1,3,6,8_5,0,9,2,7:0.688581
5,0,3,7,8_4,1,9,2,6:0.82125:5,0,3,7,8_4,1,9,2,6:0.799649
4,9,3,7,8_5,0,1,2,6:0.8197:4,9,3,7,8_5,0,1,2,6:0.813181
5,1,2,3,7_0,4,9,6,8:0.854843:5,1,2,3,7_0,4,9,6,8:0.828777
4,9,2,6,7_5,0,1,3,8:1:4,9,2,6,7_5,0,1,3,8:1
5,0,1,2,8_4,9,3,6,7:0.740399:5,0,1,2,8_4,9,3,6,7:0.736389
4,1,2,7,8_5,0,9,3,6:0.849533:4,1,2,7,8_5,0,9,3,6:0.79785
5,1,2,6,8_0,4,9,3,7:0.793272:5,1,2,6,8_0,4,9,3,7:0.762345
0,4,1,9,8_5,2,3,6,7:0.920398:0,4,1,9,8_5,2,3,6,7:0.863812
1,2,6,7,8_5,0,4,9,3:0.928081:1,2,6,7,8_5,0,4,9,3:0.880544
5,4,2,3,6_0,1,9,7,8:0.90424:5,4,2,3,6_0,1,9,7,8:0.857459
5,4,1,9,2_0,3,6,7,8:0.761836:5,4,1,9,2_0,3,6,7,8:0.71619
5,0,4,2,7_1,9,3,6,8:1:5,0,4,2,7_1,9,3,6,8:0.909715
0,4,1,9,7_5,2,3,6,8:0.887303:0,4,1,9,7_5,2,3,6,8:0.795027
5,9,3,6,8_0,4,1,2,7:0.912202:5,9,3,6,8_0,4,1,2,7:0.848247
0,4,9,3,6_5,1,2,7,8:0.755045:0,4,9,3,6_5,1,2,7,8:0.722648
5,0,2,6,8_4,1,9,3,7:0.941096:5,0,2,6,8_4,1,9,3,7:0.821272
5,0,3,6,7_4,1,9,2,8:0.869858:5,0,3,6,7_4,1,9,2,8:0.838368
5,0,1,9,8_4,2,3,6,7:0.687253:5,0,1,9,8_4,2,3,6,7:0.666657
4,1,6,7,8_5,0,9,2,3:0.758672:4,1,6,7,8_5,0,9,2,3:0.721455
5,1,9,3,7_0,4,2,6,8:0.933695:5,1,9,3,7_0,4,2,6,8:0.893727
