50
2,3_1,4,7
2,1,6,0,9,7_5,3
1_8,4,5,9
2_5,9
1,7_8,6
2,7_3
1,0,5_8,9,7,3
8_1,7
8,4,6,7_2,0
8,2,4,9_0,3
5_7
8,0,5_6,9
1,6,5,9_3
8,6,7_2,1,9
1,9_2
8,4,6,0_2,1,7,3
6_2,1,5
4,0,9,7_1,6,5,3
4,9_5
2,7_8,4,3
8,4,0,7,3_5,9
0,3_2,6
1_7
2,1_4,6,9,3
1,4_8,6,0,5,3
1,4,7_2,6
1,6,0,7_8,9
1,9,7_0,5,3
5_9,7
8,2,5,9,7_4
4,9,7_1,5,3
8,1,5_4
2,6,5,7_4
8,7_0,3
2,6,5,3_8,9,7
8,2,6,0,5_4,7
9_1,4,5
5_8,2,4,3
1,7_6,0,3
2,6_3
8_2,5,3
8,4,7_2,1,0,5
9_1,5,3
7_1,4,6,0,3
6,5,7_8,0
0,7_6,5,9
1,4,6,9,3_5,7
1,4,6,0_9,7,3
1,0,3_8,6,9
8,5,7,3_2
