2,3_1,4,7 0.999726 0
2,1,6,0,9,7_5,3 0.999758 0
1_8,4,5,9 0.999872 0
2_5,9 0.99975 0
1,7_8,6 0.999679 0
2,7_3 0.999763 0
1,0,5_8,9,7,3 0.999653 0
8_1,7 0.999706 0
8,4,6,7_2,0 0.999719 0
8,2,4,9_0,3 0.999724 0
5_7 0.99956 0
8,0,5_6,9 0.999666 0
1,6,5,9_3 0.999921 0
8,6,7_2,1,9 0.999669 0
1,9_2 0.999801 0
8,4,6,0_2,1,7,3 0.999654 0
6_2,1,5 0.999868 0
4,0,9,7_1,6,5,3 0.999635 0
4,9_5 0.999687 0
2,7_8,4,3 0.999675 0
8,4,0,7,3_5,9 0.999677 0
0,3_2,6 0.999703 0
1_7 0.999637 0
2,1_4,6,9,3 0.999726 0
1,4_8,6,0,5,3 0.999705 0
1,4,7_2,6 0.999724 0
1,6,0,7_8,9 0.999684 0
1,9,7_0,5,3 0.999665 0
5_9,7 0.999685 0
8,2,5,9,7_4 0.999829 0
4,9,7_1,5,3 0.999645 0
8,1,5_4 0.999766 0
2,6,5,7_4 0.999797 0
8,7_0,3 0.999667 0
2,6,5,3_8,9,7 0.999632 0
8,2,6,0,5_4,7 0.999692 0
9_1,4,5 0.99977 0
5_8,2,4,3 0.999834 0
1,7_6,0,3 0.999702 0
2,6_3 0.999745 0
8_2,5,3 0.99974 0
8,4,7_2,1,0,5 0.999657 0
9_1,5,3 0.999761 0
7_1,4,6,0,3 0.999879 0
6,5,7_8,0 0.99966 0
0,7_6,5,9 0.999667 0
1,4,6,9,3_5,7 0.999694 0
1,4,6,0_9,7,3 0.999658 0
1,0,3_8,6,9 0.999672 0
8,5,7,3_2 0.999882 0
