2,4,6,0,5_8,1,9,7,3 0.999618 0
2,1,5,9,3_8,4,6,0,7 0.999618 0
2,4,6,0,7_8,1,5,9,3 0.999618 0
1,4,0,5,9_8,2,6,7,3 0.999619 0
8,2,1,9,7_4,6,0,5,3 0.999618 0
2,4,0,5,3_8,1,6,9,7 0.999619 0
8,2,1,4,6_0,5,9,7,3 0.999617 0
2,1,4,7,3_8,6,0,5,9 0.999618 0
2,1,4,9,7_8,6,0,5,3 0.999618 0
8,2,0,9,7_1,4,6,5,3 0.999619 0
2,0,9,7,3_8,1,4,6,5 0.999619 0
2,1,6,7,3_8,4,0,5,9 0.999619 0
1,4,5,9,3_8,2,6,0,7 0.999618 0
8,2,5,7,3_1,4,6,0,9 0.999618 0
1,6,5,7,3_8,2,4,0,9 0.999619 0
8,4,0,5,7_2,1,6,9,3 0.999619 0
1,6,0,9,7_8,2,4,5,3 0.999618 0
8,2,4,0,3_1,6,5,9,7 0.999618 0
1,4,0,7,3_8,2,6,5,9 0.999618 0
8,4,0,9,3_2,1,6,5,7 0.999618 0
2,1,4,6,3_8,0,5,9,7 0.999619 0
4,0,9,7,3_8,2,1,6,5 0.999617 0
8,1,0,5,9_2,4,6,7,3 0.999619 0
8,1,4,6,0_2,5,9,7,3 0.999618 0
8,2,1,0,7_4,6,5,9,3 0.999617 0
2,1,4,6,7_8,0,5,9,3 0.999617 0
8,6,5,9,3_2,1,4,0,7 0.999617 0
2,1,6,5,9_8,4,0,7,3 0.999618 0
8,2,0,9,3_1,4,6,5,7 0.999618 0
8,2,5,9,7_1,4,6,0,3 0.999619 0
8,2,4,6,3_1,0,5,9,7 0.999618 0
1,4,9,7,3_8,2,6,0,5 0.999618 0
8,4,6,5,7_2,1,0,9,3 0.999618 0
