378
0.33
0.46
0.32
0.30
0.05
0.09
0.04
0.05
0.25
0.06
0.05
0.16
0.16
0.15
0.33
0.06
0.08
0.05
0.04
0.03
0.04
0.04
0.04
0.04
0.04
0.04
0.04
0.48
0.38
0.37
0.38
0.37
0.38
0.32
0.34
0.27
0.37
0.34
0.37
0.40
0.42
0.40
0.37
0.40
0.40
0.39
0.40
0.40
0.40
0.40
0.40
0.40
0.40
0.45
0.44
0.50
0.49
0.50
0.45
0.43
0.39
0.49
0.45
0.48
0.51
0.50
0.51
0.49
0.52
0.52
0.51
0.52
0.51
0.52
0.52
0.52
0.52
0.52
0.36
0.36
0.35
0.35
0.32
0.34
0.28
0.35
0.33
0.36
0.37
0.39
0.37
0.35
0.37
0.37
0.36
0.37
0.37
0.37
0.37
0.37
0.37
0.37
0.34
0.33
0.33
0.30
0.32
0.26
0.33
0.32
0.34
0.35
0.38
0.35
0.33
0.35
0.35
0.34
0.35
0.34
0.35
0.35
0.35
0.35
0.35
0.15
0.05
0.07
0.28
0.07
0.07
0.21
0.23
0.27
0.41
0.12
0.13
0.09
0.07
0.05
0.07
0.06
0.07
0.07
0.07
0.07
0.07
0.13
0.10
0.28
0.09
0.14
0.21
0.24
0.26
0.39
0.19
0.17
0.18
0.18
0.15
0.18
0.16
0.18
0.18
0.17
0.18
0.17
0.06
0.28
0.06
0.05
0.20
0.22
0.24
0.40
0.09
0.11
0.05
0.03
0.02
0.03
0.02
0.03
0.03
0.03
0.03
0.03
0.24
0.07
0.07
0.16
0.16
0.15
0.32
0.08
0.09
0.07
0.06
0.06
0.06
0.06
0.06
0.06
0.06
0.06
0.06
0.21
0.27
0.27
0.29
0.30
0.35
0.29
0.28
0.29
0.29
0.28
0.29
0.29
0.29
0.29
0.29
0.29
0.29
0.07
0.13
0.13
0.12
0.25
0.07
0.08
0.07
0.07
0.06
0.07
0.07
0.07
0.07
0.07
0.07
0.07
0.20
0.22
0.23
0.40
0.11
0.12
0.08
0.07
0.05
0.07
0.06
0.07
0.07
0.07
0.07
0.07
0.24
0.25
0.35
0.22
0.21
0.22
0.22
0.21
0.22
0.21
0.22
0.22
0.22
0.22
0.22
0.30
0.39
0.26
0.23
0.26
0.27
0.24
0.27
0.25
0.27
0.27
0.26
0.27
0.26
0.43
0.32
0.25
0.33
0.34
0.28
0.34
0.30
0.34
0.34
0.34
0.34
0.34
0.44
0.39
0.44
0.45
0.42
0.45
0.43
0.45
0.45
0.44
0.45
0.44
0.17
0.20
0.20
0.10
0.20
0.13
0.20
0.20
0.19
0.20
0.19
0.16
0.15
0.12
0.15
0.13
0.15
0.15
0.15
0.15
0.15
0.14
0.05
0.14
0.07
0.14
0.14
0.12
0.14
0.12
0.00
0.00
0.00
0.00
0.00
0.00
0.00
0.00
0.00
0.00
0.00
0.00
0.00
0.00
0.00
0.00
0.00
0.00
0.00
0.00
0.00
0.00
0.00
0.00
0.00
0.00
0.00
0.00
0.00
0.00
0.00
0.00
0.00
0.00
0.00
0.00
