378
0.012390
0.012255
0.015780
0.012178
0.016602
0.010626
0.015535
0.009789
0.011995
0.012095
0.013402
0.012512
0.045370
0.138512
0.014825
0.017976
0.012125
0.024365
0.451043
0.256916
0.037174
0.026058
0.065414
0.404284
0.097075
0.064600
0.041538
0.011405
0.010564
0.011954
0.022002
0.014715
0.016400
0.011933
0.010540
0.012260
0.017816
0.011306
0.020036
0.024706
0.013270
0.027418
0.015728
0.038694
0.238562
0.033098
0.086345
0.033143
0.124519
0.157761
0.165090
0.129255
0.181584
0.009347
0.009001
0.017147
0.013405
0.013436
0.011106
0.009749
0.010356
0.014879
0.009145
0.014140
0.023719
0.011772
0.018060
0.011673
0.021079
0.260718
0.062843
0.035652
0.020127
0.060644
0.183209
0.130793
0.106510
0.079012
0.009324
0.016611
0.012985
0.020036
0.011793
0.009355
0.011011
0.016056
0.010307
0.013113
0.039907
0.010566
0.019605
0.013423
0.022113
0.332696
0.111912
0.037504
0.023623
0.032002
0.264041
0.107026
0.074427
0.052216
0.014209
0.014055
0.013288
0.012420
0.008878
0.010236
0.012731
0.010340
0.017404
0.027051
0.009838
0.021450
0.010894
0.026586
0.244720
0.039692
0.065390
0.022551
0.159326
0.164261
0.091570
0.099352
0.125093
0.013325
0.014317
0.014311
0.012457
0.013713
0.013776
0.017534
0.187883
0.283821
0.022513
0.015246
0.012119
0.024293
0.522068
0.379502
0.033390
0.021017
0.097869
0.489338
0.079996
0.057930
0.041505
0.013513
0.011597
0.012432
0.012408
0.011404
0.012835
0.049758
0.148628
0.014361
0.014486
0.010818
0.018933
0.438049
0.264441
0.042815
0.023635
0.049882
0.388464
0.053498
0.049423
0.027516
0.016297
0.015210
0.019147
0.014134
0.036087
0.054630
0.158718
0.018068
0.015396
0.013518
0.019795
0.449827
0.290357
0.042284
0.021396
0.068368
0.399112
0.103694
0.069419
0.050414
0.011126
0.010281
0.014971
0.010181
0.029377
0.056677
0.014028
0.015691
0.011680
0.021385
0.383205
0.205636
0.035477
0.033954
0.059061
0.322032
0.077262
0.049165
0.037758
0.010320
0.016273
0.010886
0.016960
0.039775
0.011274
0.016995
0.013361
0.023374
0.325992
0.118269
0.035530
0.019264
0.035353
0.257138
0.101738
0.072209
0.037592
0.016200
0.008966
0.020619
0.033013
0.012777
0.016396
0.011406
0.018285
0.362338
0.162087
0.056562
0.024816
0.047328
0.299444
0.062459
0.044451
0.041534
0.017350
0.055771
0.147293
0.016455
0.013454
0.010422
0.022786
0.465607
0.265359
0.034837
0.022127
0.058409
0.421744
0.061134
0.057010
0.038329
0.021478
0.040093
0.011072
0.017179
0.012499
0.023757
0.309155
0.115453
0.037239
0.028383
0.038707
0.236654
0.057352
0.040983
0.037132
0.031592
0.017395
0.165872
0.170055
0.225661
0.112423
0.033126
0.394042
0.229102
0.527859
0.036934
0.402327
0.449724
0.510702
0.026878
0.256964
0.255426
0.308373
0.072659
0.064469
0.465727
0.307484
0.568620
0.241609
0.458170
0.505694
0.547815
0.028912
0.018535
0.031353
0.125617
0.039190
0.158161
0.024010
0.200526
0.040165
0.180762
0.160281
0.271161
0.017116
0.022905
0.526577
0.356680
0.057732
0.020891
0.093196
0.494117
0.072540
0.060872
0.035140
0.021793
0.506783
0.347280
0.031474
0.020327
0.042577
0.474727
0.064070
0.050208
0.032610
0.562825
0.401885
0.063697
0.022354
0.155069
0.535738
0.097662
0.065433
0.073582
0.054791
0.676971
0.546157
0.685609
0.089715
0.619543
0.661782
0.668311
0.532586
0.390994
0.602395
0.149030
0.510401
0.558195
0.578586
0.037933
0.425071
0.668030
0.315088
0.355201
0.262664
0.152520
0.521514
0.106476
0.084296
0.119060
0.677654
0.267045
0.221578
0.169784
0.606125
0.647243
0.662736
0.112288
0.154289
0.233245
