378
0.025734
0.004704
0.023187
0.015724
0.022919
0.031980
0.101604
0.022763
0.016021
0.025280
0.010344
0.016395
0.017367
0.124894
0.152287
0.031113
0.024317
0.038687
1.282514
1.310411
0.074527
0.318640
0.496518
1.297332
0.324261
0.452427
0.041482
0.010105
0.007687
0.005263
0.209415
0.156443
0.081999
0.135579
0.042035
0.040544
0.062012
0.035878
0.041307
0.219727
0.036417
0.024443
0.175917
0.121633
1.230061
0.020123
0.053693
0.377515
0.062020
1.248535
0.441788
0.131601
0.127610
0.053314
0.440238
0.047230
0.039920
0.039463
0.014117
0.066853
0.063989
0.062320
0.009892
0.092148
1.463829
0.038946
0.026402
0.067308
0.222571
1.556860
1.579671
0.009578
0.539878
0.455207
1.571403
0.384188
0.449992
0.083036
0.521047
0.102301
0.029972
0.177541
0.061176
0.070964
0.062715
0.011761
0.052413
0.023547
0.164632
0.190628
0.111092
0.083529
0.149136
0.998448
0.080179
0.013156
0.310121
0.070605
1.003747
0.432718
0.433582
0.098374
0.032033
0.615012
0.023440
0.037879
0.014387
0.508704
0.584862
0.566275
0.070205
0.103105
0.584657
0.050559
0.033097
0.030590
1.408474
0.018055
0.083930
0.566676
0.448264
1.413210
0.952918
0.567650
0.188403
0.060890
0.027927
0.047587
0.061830
0.045703
0.050562
0.018330
0.272182
0.457727
0.150797
0.054627
0.052008
0.314732
1.089999
0.651606
0.015430
0.330249
0.482152
0.958060
0.280348
0.446467
0.080545
0.069085
0.032482
0.063171
0.016753
0.027208
0.020749
0.128229
0.164523
0.093087
0.048896
0.032600
0.039785
1.544483
1.217619
0.034747
0.312326
0.466164
1.575102
0.207691
0.077723
0.043080
0.045711
0.033824
0.065568
0.190477
0.007440
0.170764
0.327792
0.172831
0.050479
0.054378
0.031613
0.809204
0.977011
0.453591
0.363989
0.458678
0.720454
0.356080
0.478831
0.064890
0.017087
0.044688
0.039280
0.032030
0.048651
0.012840
0.158260
0.055098
0.035353
0.317257
0.981806
0.449908
0.043458
0.066819
0.094862
0.985014
0.054897
0.084670
0.045182
0.019293
0.214069
0.011274
0.595094
1.580106
0.083294
0.038672
0.031885
0.045993
1.019100
0.488407
0.085638
0.385389
0.182444
1.023803
0.347214
0.462748
0.070471
0.045293
0.076600
0.714736
0.010134
0.108764
0.037633
0.020003
0.029702
0.990805
1.622585
0.060504
0.313699
0.447377
1.604949
0.553480
0.475805
0.075382
0.014885
0.026600
0.148271
0.151335
0.067351
0.104825
0.132115
0.883941
1.376239
0.036435
0.278541
0.059440
0.885861
0.344214
0.425960
0.151996
0.069382
0.080947
0.129038
0.023535
0.008283
0.065880
1.533885
1.567744
0.045635
0.069724
0.041282
1.551769
0.325102
0.106100
0.104238
0.102590
0.066648
0.214888
1.452753
0.348444
1.258438
0.121387
1.184582
1.310881
1.114935
1.264400
0.953063
0.959330
0.804371
0.625597
0.373124
1.250497
0.565884
1.267673
0.006610
1.156858
1.354319
1.293921
0.006119
0.944684
1.022513
0.897041
0.167664
0.185360
0.529992
1.285339
0.018947
0.530107
0.532689
0.160840
0.006460
0.812972
0.554988
1.403494
0.045356
0.050617
1.109204
0.604920
0.126801
0.588285
0.450313
0.976454
0.338353
0.443279
0.062811
0.063540
1.522191
1.210069
0.067190
0.309960
0.478123
1.556989
0.342733
0.046098
0.079858
1.268066
0.732020
0.065126
0.471902
0.464669
1.147145
0.216723
0.128595
0.056641
1.267858
1.833160
1.360757
1.880240
0.032200
1.535785
1.751820
1.785556
1.133809
1.313736
1.450641
0.011480
0.977160
1.246900
1.037646
0.446190
0.722740
1.785060
0.791277
0.504680
0.275960
0.370782
1.385500
0.457436
0.849621
0.405279
1.836860
0.718895
0.196380
0.472658
1.469187
1.675700
1.756139
0.847547
0.317386
0.458884
