0,1,9,2,3_5,4,6,7,8:0.848096:0,1,9,2,3_5,4,6,7,8:0.79104:0,1,9,2,3_5,4,6,7,8:0.840028:0,1,9,2,3_5,4,6,7,8:0.738343
0,4,3,6,8_5,1,9,2,7:0.672226:0,4,3,6,8_5,1,9,2,7:0.644982:0,4,3,6,8_5,1,9,2,7:0.661094:0,4,3,6,8_5,1,9,2,7:0.578307
0,1,9,2,7_5,4,3,6,8:0.891607:0,1,9,2,7_5,4,3,6,8:0.851393:0,1,9,2,7_5,4,3,6,8:0.877738:0,1,9,2,7_5,4,3,6,8:0.775276
4,1,2,3,6_5,0,9,7,8:0.75141:4,1,2,3,6_5,0,9,7,8:0.74075:4,1,2,3,6_5,0,9,7,8:0.735447:4,1,2,3,6_5,0,9,7,8:0.660787
5,0,4,6,7_1,9,2,3,8:0.901529:5,0,4,6,7_1,9,2,3,8:0.860664:5,0,4,6,7_1,9,2,3,8:0.887552:5,0,4,6,7_1,9,2,3,8:0.792425
0,1,2,3,8_5,4,9,6,7:0.87834:0,1,2,3,8_5,4,9,6,7:0.863386:0,1,2,3,8_5,4,9,6,7:0.839706:0,1,2,3,8_5,4,9,6,7:0.762578
5,0,4,1,9_2,3,6,7,8:0.88683:5,0,4,1,9_2,3,6,7,8:0.834477:5,0,4,1,9_2,3,6,7,8:0.876168:5,0,4,1,9_2,3,6,7,8:0.768619
0,4,1,7,8_5,9,2,3,6:0.864372:0,4,1,7,8_5,9,2,3,6:0.799956:0,4,1,7,8_5,9,2,3,6:0.858344:0,4,1,7,8_5,9,2,3,6:0.746706
0,4,1,6,7_5,9,2,3,8:0.713882:0,4,1,6,7_5,9,2,3,8:0.69549:0,4,1,6,7_5,9,2,3,8:0.700043:0,4,1,6,7_5,9,2,3,8:0.612607
5,0,2,6,7_4,1,9,3,8:0.907644:5,0,2,6,7_4,1,9,3,8:0.867431:5,0,2,6,7_4,1,9,3,8:0.893362:5,0,2,6,7_4,1,9,3,8:0.794519
0,2,6,7,8_5,4,1,9,3:0.855751:0,2,6,7,8_5,4,1,9,3:0.818586:0,2,6,7,8_5,4,1,9,3:0.842118:0,2,6,7,8_5,4,1,9,3:0.744803
0,4,9,7,8_5,1,2,3,6:0.95934:0,4,9,7,8_5,1,2,3,6:0.930842:0,4,9,7,8_5,1,2,3,6:0.941414:0,4,9,7,8_5,1,2,3,6:0.845372
4,1,3,6,8_5,0,9,2,7:0.715963:4,1,3,6,8_5,0,9,2,7:0.688581:4,1,3,6,8_5,0,9,2,7:0.703767:4,1,3,6,8_5,0,9,2,7:0.619862
5,0,3,7,8_4,1,9,2,6:0.82125:5,0,3,7,8_4,1,9,2,6:0.799649:5,0,3,7,8_4,1,9,2,6:0.775828:5,0,3,7,8_4,1,9,2,6:0.710553
4,9,3,7,8_5,0,1,2,6:0.8197:4,9,3,7,8_5,0,1,2,6:0.813181:4,9,3,7,8_5,0,1,2,6:0.801552:4,9,3,7,8_5,0,1,2,6:0.720621
5,1,2,3,7_0,4,9,6,8:0.854843:5,1,2,3,7_0,4,9,6,8:0.828777:5,1,2,3,7_0,4,9,6,8:0.838993:5,1,2,3,7_0,4,9,6,8:0.744915
4,9,2,6,7_5,0,1,3,8:1:4,9,2,6,7_5,0,1,3,8:1:4,9,2,6,7_5,0,1,3,8:0.976808:4,9,2,6,7_5,0,1,3,8:0.900249
5,0,1,2,8_4,9,3,6,7:0.740399:5,0,1,2,8_4,9,3,6,7:0.736389:5,0,1,2,8_4,9,3,6,7:0.718328:5,0,1,2,8_4,9,3,6,7:0.644694
4,1,2,7,8_5,0,9,3,6:0.849533:4,1,2,7,8_5,0,9,3,6:0.79785:4,1,2,7,8_5,0,9,3,6:0.83976:4,1,2,7,8_5,0,9,3,6:0.735319
5,1,2,6,8_0,4,9,3,7:0.793272:5,1,2,6,8_0,4,9,3,7:0.762345:5,1,2,6,8_0,4,9,3,7:0.737126:5,1,2,6,8_0,4,9,3,7:0.666334
0,4,1,9,8_5,2,3,6,7:0.920398:0,4,1,9,8_5,2,3,6,7:0.863812:0,4,1,9,8_5,2,3,6,7:0.909983:0,4,1,9,8_5,2,3,6,7:0.79572
1,2,6,7,8_5,0,4,9,3:0.928081:1,2,6,7,8_5,0,4,9,3:0.880544:1,2,6,7,8_5,0,4,9,3:0.914995:1,2,6,7,8_5,0,4,9,3:0.812965
5,4,2,3,6_0,1,9,7,8:0.90424:5,4,2,3,6_0,1,9,7,8:0.857459:5,4,2,3,6_0,1,9,7,8:0.891607:5,4,2,3,6_0,1,9,7,8:0.790135
5,4,1,9,2_0,3,6,7,8:0.761836:5,4,1,9,2_0,3,6,7,8:0.71619:5,4,1,9,2_0,3,6,7,8:0.752868:5,4,1,9,2_0,3,6,7,8:0.657917
5,0,4,2,7_1,9,3,6,8:1:5,0,4,2,7_1,9,3,6,8:0.909715:5,0,4,2,7_1,9,3,6,8:1:5,0,4,2,7_1,9,3,6,8:0.875971
0,4,1,9,7_5,2,3,6,8:0.887303:0,4,1,9,7_5,2,3,6,8:0.795027:0,4,1,9,7_5,2,3,6,8:0.754304:0,4,1,9,7_5,2,3,6,8:0.675477
5,9,3,6,8_0,4,1,2,7:0.912202:5,9,3,6,8_0,4,1,2,7:0.848247:5,9,3,6,8_0,4,1,2,7:0.904393:5,9,3,6,8_0,4,1,2,7:0.78508
0,4,9,3,6_5,1,2,7,8:0.755045:0,4,9,3,6_5,1,2,7,8:0.722648:0,4,9,3,6_5,1,2,7,8:0.74293:0,4,9,3,6_5,1,2,7,8:0.653223
5,0,2,6,8_4,1,9,3,7:0.941096:5,0,2,6,8_4,1,9,3,7:0.821272:5,0,2,6,8_4,1,9,3,7:0.773386:5,0,2,6,8_4,1,9,3,7:0.706387
5,0,3,6,7_4,1,9,2,8:0.869858:5,0,3,6,7_4,1,9,2,8:0.838368:5,0,3,6,7_4,1,9,2,8:0.854681:5,0,3,6,7_4,1,9,2,8:0.761015
5,0,1,9,8_4,2,3,6,7:0.687253:5,0,1,9,8_4,2,3,6,7:0.666657:5,0,1,9,8_4,2,3,6,7:0.674444:5,0,1,9,8_4,2,3,6,7:0.595882
4,1,6,7,8_5,0,9,2,3:0.758672:4,1,6,7,8_5,0,9,2,3:0.721455:4,1,6,7,8_5,0,9,2,3:0.747571:4,1,6,7,8_5,0,9,2,3:0.657706
5,1,9,3,7_0,4,2,6,8:0.933695:5,1,9,3,7_0,4,2,6,8:0.893727:5,1,9,3,7_0,4,2,6,8:0.918692:5,1,9,3,7_0,4,2,6,8:0.816233
